1050
1 8 -1 14 -1 3 10 -1 7 -1 9 10 13 14 -1 0 1 -1 12 -1 6 14 -1 0 -1 7 -1 4 9 -1 8 -1 10 -1
2 4 -1 13 -1 7 10 11 12 13 14 -1 9 10 13 -1 0 -1 1 -1 6 12 -1 0 -1 6 10 -1 4 5 6 -1
3 2 13 -1 10 -1 4 8 -1 0 -1 9 -1
4 8 12 13 -1 9 -1 1 -1 3 -1 14 -1 13 14 -1 10 13 14 -1 10 -1 13 -1 13 -1 3 12 -1 4 8 14 -1 1 -1 13 -1 3 11 -1 4 -1 5 -1 4 -1
5 5 -1 7 8 -1 8 11 -1 0 11 -1 10 -1 5 -1 9 -1 12 -1 6 9 11 13 -1 7 -1 4 -1 2 13 14 -1 12 -1 8 -1 7 -1
6 5 -1 12 13 14 -1 2 -1 14 -1 10 12 14 -1 9 10 11 14 -1 2 14 -1 10 -1 3 8 -1 12 -1 9 -1
7 3 5 -1 12 -1 12 -1 14 -1 6 14 -1 0 -1 11 14 -1 9 -1 14 -1 1 11 12 13 14 -1 1 -1 5 13 14 -1 6 -1 3 5 -1
8 0 -1 9 -1 4 -1 2 -1 14 -1
9 13 -1 11 -1 11 -1 5 -1 7 -1 5 7 -1 3 10 12 -1 11 12 14 -1 7 8 9 12 13 14 -1 11 -1 12 -1 2 11 -1 0 -1 9 -1 0 -1
10 8 -1 0 -1 12 13 -1 12 -1 2 9 -1 7 9 11 -1 14 -1 3 4 11 13 -1 2 12 -1 5 -1 10 12 14 -1 3 -1 5 -1 9 14 -1
11 13 14 -1 5 -1 3 -1 12 -1 2 -1 9 12 13 14 -1 2 -1
12 6 -1 4 9 12 13 14 -1 5 -1 0 -1 12 -1 9 -1 6 -1 13 -1 3 9 13 14 -1 0 9 -1 3 4 -1 7 -1 13 14 -1
13 5 8 12 14 -1 11 -1 6 -1 3 12 14 -1 1 -1 1 9 -1 0 -1 0 -1
14 0 -1 10 14 -1 13 -1 2 11 -1 3 5 -1
15 4 -1 3 11 12 -1 8 11 13 14 -1 14 -1 1 4 8 12 13 14 -1 13 -1 3 -1 3 -1 3 -1 7 13 -1
16 0 6 -1 2 8 14 -1
17 4 12 -1 7 -1 1 -1 12 13 -1 3 -1 1 -1 5 -1 7 8 -1 9 -1 1 -1 8 -1 12 14 -1 8 14 -1
18 10 -1 0 -1 14 -1 1 -1 14 -1 13 14 -1 2 12 -1 6 8 -1 7 -1 0 8 9 11 -1 9 10 -1
19 5 13 -1 1 -1 8 11 12 -1
20 8 -1 11 -1
21 12 -1 11 -1 14 -1 10 11 -1 12 13 -1 6 14 -1 4 8 12 -1 11 14 -1 13 -1 4 -1 8 -1 2 -1 2 -1 11 -1
22 6 11 -1 5 -1
23 7 11 -1 1 14 -1 3 -1
24 14 -1 7 -1 10 -1 10 -1 14 -1 4 -1 10 -1 14 -1
25 0 8 14 -1 9 14 -1 11 13 -1
26 13 14 -1 4 -1 8 10 -1 13 14 -1 0 -1 9 11 12 -1 7 -1 11 -1 0 12 -1 9 -1 2 3 5 9 14 -1 5 9 11 -1 9 -1 8 -1
27 8 9 -1 14 -1 3 -1 3 -1
28 9 11 -1 11 -1 14 -1 9 12 13 -1
29 3 8 9 -1 10 -1 10 14 -1 12 -1
30 5 14 -1 0 -1
31 6 13 14 -1
32 11 -1 7 -1 3 -1
33 11 12 14 -1 13 14 -1 14 -1 14 -1 6 7 10 -1 12 13 14 -1 0 6 8 14 -1 8 -1 14 -1 2 -1 2 -1 9 -1
34 14 -1 11 -1
35 13 14 -1 8 -1 11 12 13 -1 1 -1 0 10 11 12 -1 11 13 -1 14 -1 0 -1 3 -1 4 9 -1 2 14 -1
36 0 -1 13 -1 14 -1 14 -1 2 -1 2 -1 1 -1 13 -1 9 -1 13 14 -1 9 -1 12 -1 10 -1 5 6 7 12 13 14 -1 3 -1
37 12 14 -1 14 -1 1 -1 2 -1 10 -1 3 -1 11 14 -1 3 4 -1 2 -1 0 -1
38 7 -1 0 -1 7 -1 4 -1 11 14 -1 11 14 -1 1 4 14 -1 8 -1 14 -1 5 8 9 13 -1 2 -1 4 -1 9 -1
39 7 -1 3 12 -1 14 -1 10 -1 9 -1
40 14 -1 11 -1 11 -1 4 8 -1
41 3 -1 4 -1 12 13 14 -1
42 0 -1 0 -1 9 -1 3 -1 2 -1 9 14 -1 5 -1
43 7 13 14 -1 11 14 -1 14 -1 5 -1 4 -1 6 13 14 -1 3 -1 5 -1
44 12 14 -1 8 10 -1 14 -1 10 -1 11 -1
45 6 -1 1 -1 0 1 4 -1 0 8 13 14 -1 10 -1 14 -1 14 -1 3 12 14 -1 5 -1 1 -1 10 11 -1 13 14 -1 10 13 -1 1 6 -1
46 7 8 -1 9 -1 8 -1 12 13 -1 1 -1 12 -1 11 14 -1 1 -1 6 10 -1 0 14 -1 5 -1 4 8 -1 10 14 -1 12 -1
47 0 2 -1 5 8 10 14 -1 11 -1 11 -1 3 -1 1 14 -1 6 9 -1 0 13 -1 11 12 -1 0 13 -1 12 13 -1 1 -1 8 -1 14 -1 14 -1 0 -1 10 -1
48 13 14 -1 7 12 14 -1 10 -1
49 12 14 -1 6 -1 9 12 -1 11 14 -1 11 13 14 -1 8 11 -1 6 -1 1 -1 9 -1
50 1 14 -1 14 -1 11 -1 8 14 -1 7 10 -1 7 11 -1 7 -1 5 7 10 13 -1 10 13 -1 10 -1 6 -1
51 4 -1
52 13 14 -1 3 -1 4 14 -1 13 -1 1 -1 6 8 14 -1
53 5 -1 12 -1 13 14 -1 11 12 -1 8 -1 14 -1 11 -1 8 11 13 14 -1 8 13 14 -1 10 -1 6 8 -1 8 -1 4 -1 6 -1 9 -1 1 12 14 -1 6 -1 1 3 -1
54 13 -1
55 2 -1 14 -1 10 -1 5 6 14 -1 6 8 -1 9 11 13 -1 11 -1 12 13 -1 14 -1 7 8 10 11 -1 1 5 10 -1 2 5 -1 8 -1 1 -1 1 9 -1
56 4 -1 8 -1 3 -1 5 -1 1 -1
57 2 9 -1 14 -1 9 -1 5 -1 10 -1 3 -1 3 -1 3 -1 14 -1 7 -1 1 -1 2 -1 0 5 -1 6 -1 8 -1
58 9 11 13 14 -1 6 10 -1 7 -1 7 -1
59 11 13 -1 5 -1
60 3 -1 13 -1 11 -1 5 -1 5 10 13 14 -1 1 -1 11 14 -1 11 12 13 14 -1 13 -1 5 -1 0 -1 4 -1 11 12 -1
61 12 13 14 -1 11 12 -1 7 -1 2 8 -1 7 14 -1 9 -1 4 -1 5 7 9 -1 14 -1 14 -1 0 8 11 -1 3 10 -1 14 -1 9 -1 7 14 -1
62 14 -1 5 12 14 -1 1 -1 0 4 7 9 11 14 -1 9 -1
63 6 -1 2 -1 13 -1 10 -1 10 -1 10 -1 2 -1 5 7 -1 7 9 -1 6 11 12 -1 13 14 -1 13 14 -1 14 -1 13 -1
64 6 12 13 -1 11 -1 12 13 14 -1 1 -1
65 12 13 -1 8 -1 1 13 14 -1 0 -1 9 11 -1 3 -1 7 12 -1 3 -1 13 -1 12 -1
66 1 9 -1 9 13 14 -1 3 6 13 -1 12 -1 13 -1 12 -1
67 10 -1 14 -1 6 -1 4 -1 4 -1 2 -1 1 6 12 13 14 -1 4 -1 9 -1 12 -1
68 0 3 10 13 14 -1 2 13 -1 1 -1 12 -1 2 9 -1 4 9 -1
69 13 -1 12 13 -1 0 -1 2 -1 9 -1 13 -1 11 -1 2 -1 10 12 14 -1 9 14 -1 0 -1 5 6 11 -1 4 -1 4 -1 2 3 11 -1 2 13 14 -1 5 8 12 -1
70 13 14 -1 0 6 12 -1 5 -1
71 1 11 -1 4 -1 14 -1 1 -1 9 -1 8 12 14 -1 8 -1
72 3 6 -1 14 -1 0 -1 6 -1 5 9 -1 7 -1 14 -1 12 14 -1 9 -1 10 12 13 14 -1 13 -1 14 -1 12 -1 8 12 -1 5 14 -1
73 11 14 -1 8 14 -1 12 -1 9 14 -1 10 -1 1 -1 9 13 14 -1 14 -1 2 5 12 -1 14 -1 1 4 -1 4 -1 12 -1 4 -1 7 9 -1 8 -1
74 11 12 14 -1 13 14 -1 0 6 11 12 -1 4 5 -1 12 13 -1 3 -1 10 12 -1 4 -1 8 12 -1 9 -1 11 14 -1
75 2 -1 2 4 13 14 -1
76 3 -1 14 -1
77 1 -1 8 10 11 13 14 -1 2 -1 6 13 -1 0 -1 1 -1 10 -1
78 14 -1 3 -1 14 -1 13 14 -1 12 13 -1 12 14 -1 14 -1 13 -1 11 -1 11 13 14 -1 13 -1 4 5 10 12 -1
79 14 -1 7 14 -1 7 12 13 14 -1 8 9 13 -1 8 -1 11 12 -1 9 10 -1 13 14 -1
80 6 11 -1 7 12 -1 6 11 12 -1 7 13 14 -1 12 -1
81 2 13 -1 10 -1 9 13 -1 9 -1 1 7 -1 1 5 6 11 14 -1 13 -1 14 -1 2 8 9 13 14 -1
82 12 -1 2 -1 7 9 -1
83 1 -1 14 -1 5 10 -1 11 -1 12 -1 0 -1 9 -1 5 -1 11 14 -1 7 -1 13 -1 1 -1 10 -1 6 -1 8 10 -1 1 10 -1
84 3 -1 13 14 -1 10 -1 1 -1 1 10 -1 4 14 -1 4 -1 0 -1
85 6 13 14 -1 1 8 -1
86 7 -1 10 -1 11 -1 8 11 -1
87 0 10 14 -1 12 -1 1 7 8 14 -1 13 14 -1 0 -1 5 -1 6 -1
88 4 12 13 -1
89 9 -1 13 -1 12 13 14 -1 13 -1 1 -1 11 13 -1 0 8 -1 14 -1 6 -1
90 11 -1 1 -1
91 14 -1 12 -1 3 -1 2 12 13 14 -1 10 -1 6 -1 4 -1 3 7 11 14 -1 5 -1 8 14 -1 14 -1 3 -1 10 -1 2 -1 9 10 11 13 -1 4 -1
92 8 14 -1 1 14 -1 11 13 14 -1 8 14 -1 1 8 -1 6 13 -1
93 12 -1 0 -1 6 -1 7 -1 4 7 -1 10 -1 9 -1 9 -1
94 0 -1 10 -1 7 -1 4 13 14 -1 3 12 -1 11 -1
95 12 -1 13 -1 0 3 12 13 14 -1 7 11 14 -1 5 -1 5 -1 13 14 -1 0 12 14 -1 1 11 -1 4 7 11 -1 8 11 -1
96 10 14 -1 3 10 13 -1 13 14 -1 11 13 14 -1 6 10 -1 14 -1 5 -1 0 -1 13 -1 7 -1 11 -1
97 10 -1 5 6 -1 3 11 -1 12 -1 14 -1 4 -1 13 -1 13 -1 9 -1 6 -1 4 11 13 14 -1 14 -1 9 -1 8 14 -1 3 -1 1 6 -1
98 1 8 9 14 -1 9 -1 6 -1 1 -1 12 -1 8 -1 14 -1 4 -1 1 -1 2 8 10 11 12 -1 3 14 -1 14 -1 2 14 -1
99 5 -1 0 -1 6 11 -1 2 14 -1 8 -1 12 -1 14 -1 12 -1 13 14 -1 9 10 13 -1 0 7 14 -1 11 14 -1 0 8 14 -1
100 0 -1 3 -1 14 -1 12 13 14 -1 0 -1 5 -1 6 -1
101 7 8 -1 13 -1 11 -1 7 14 -1 6 -1 5 6 -1 8 -1 12 -1 2 9 -1 1 7 -1 4 -1 4 11 12 13 -1 13 -1 3 12 -1
102 1 -1 1 -1 5 13 14 -1 13 -1 11 12 -1 12 14 -1 8 -1 7 -1 14 -1 14 -1 6 -1 14 -1 1 -1
103 5 -1 0 6 12 13 -1 8 -1 4 13 -1 9 -1
104 3 11 13 -1 8 9 -1 8 10 13 14 -1 8 -1 12 13 14 -1 6 9 13 14 -1 9 11 13 14 -1 7 -1 12 14 -1
105 1 -1 11 14 -1 7 -1 7 14 -1 0 -1 7 9 -1 6 9 10 -1 7 -1 3 12 13 14 -1 5 7 -1 4 -1 6 -1 4 7 13 14 -1 3 6 7 -1
106 6 -1 0 8 14 -1 10 -1 5 -1 1 -1 0 4 8 -1 0 6 -1 7 -1 0 3 -1 12 14 -1 9 14 -1 4 -1 12 -1 8 -1
107 0 14 -1 11 12 14 -1 11 -1 8 9 13 14 -1 9 11 -1 1 -1 6 -1 11 -1 11 -1 8 13 -1
108 6 12 13 -1
109 8 10 14 -1 7 -1
110 6 -1 7 -1 3 11 -1 13 -1 2 -1
111 6 13 14 -1 8 -1 6 13 -1 13 14 -1 3 7 11 12 14 -1 7 -1 8 -1 0 -1 13 -1 6 -1 0 -1 8 -1 11 -1 9 -1 1 2 -1
112 0 -1 1 10 -1 14 -1 12 -1 11 13 -1 2 -1 4 7 -1 8 13 -1
113 7 12 14 -1 7 8 13 14 -1 0 11 -1 9 12 -1 8 11 -1 1 11 -1 3 6 12 13 -1 7 11 -1 6 11 -1 4 -1 1 -1 4 -1
114 13 14 -1 9 14 -1 2 -1 9 -1 7 -1 14 -1 6 -1 6 14 -1 10 12 -1 10 -1 4 10 11 -1 12 -1 11 14 -1 12 14 -1 0 9 -1 4 9 10 12 -1
115 3 -1 7 14 -1 3 -1 8 -1 14 -1 1 -1 4 7 -1 3 6 -1 1 11 -1 10 13 -1 7 -1
116 2 12 -1 5 -1 11 -1 7 -1 13 -1 9 -1 5 9 -1 6 -1 9 -1
117 6 13 14 -1 10 12 -1 3 -1 14 -1 3 7 9 10 -1 13 -1 1 -1 3 -1 6 12 -1 7 9 -1 6 14 -1
118 2 13 14 -1 14 -1 13 -1 10 13 -1 0 -1 4 -1 7 -1
119 9 -1 8 9 -1 12 14 -1 8 14 -1 5 7 14 -1 11 12 -1 12 -1 0 3 -1 6 12 14 -1 12 13 -1 5 10 12 14 -1 8 -1 11 14 -1
120 5 -1 6 11 -1 9 14 -1 3 14 -1 10 -1 5 -1 5 -1 3 -1 10 14 -1
121 8 -1 1 10 13 -1 2 9 -1 6 -1 4 13 -1 7 13 14 -1 1 9 11 -1
122 14 -1 3 -1
123 10 12 14 -1 4 14 -1 0 -1
124 10 -1 12 -1
125 4 5 7 13 14 -1 4 11 14 -1 0 -1 13 14 -1 4 5 8 -1 10 13 -1 2 -1 4 7 -1 0 -1
126 5 13 -1 7 11 -1 3 4 -1 11 -1 1 -1 6 11 -1 0 13 -1 3 -1 9 -1 6 -1
127 9 -1 7 -1 6 7 -1
128 2 -1 14 -1 2 8 13 -1 7 9 10 -1 8 14 -1 2 14 -1 2 -1 14 -1 0 1 14 -1 3 14 -1 12 13 14 -1 8 -1
129 12 -1 0 1 -1 8 9 13 -1
130 11 12 14 -1 9 -1 3 -1 4 -1 3 8 -1 12 -1 2 -1 11 14 -1 14 -1 0 -1
131 14 -1 11 -1 1 -1 4 -1 3 -1 9 -1 12 -1 5 -1 12 -1 1 6 11 13 -1 14 -1 12 14 -1 3 7 -1 0 13 -1
132 4 -1 8 10 -1 4 10 12 14 -1 5 8 14 -1 0 -1 14 -1 7 -1 9 -1 13 14 -1 6 9 -1 10 -1 7 -1
133 8 11 -1 11 13 -1 4 -1 12 13 -1 2 -1 9 -1 14 -1 7 8 -1 11 14 -1 6 14 -1 2 6 -1 1 -1 4 -1 2 10 -1 14 -1 6 -1
134 12 -1
135 7 -1 13 14 -1 5 8 -1 0 -1 12 -1 13 14 -1 14 -1 1 -1 7 10 -1
136 4 5 -1 6 -1 4 -1 8 -1 1 6 12 14 -1 11 12 -1 7 8 13 14 -1 13 -1 10 -1
137 11 -1 9 -1 9 10 -1
138 14 -1 11 12 -1
139 0 14 -1 13 14 -1
140 7 11 14 -1 5 -1 3 14 -1 2 -1 0 -1 13 -1 7 11 -1 6 10 11 -1 5 10 11 12 13 14 -1 7 12 13 14 -1 14 -1
141 9 -1 8 -1 0 -1 1 -1 9 -1 11 12 -1 8 -1
142 13 14 -1 8 10 -1 9 12 13 -1
143 4 5 6 -1 9 10 -1 5 -1
144 1 13 14 -1 12 14 -1 0 -1 1 -1 5 -1 14 -1 14 -1 3 -1 0 9 14 -1 13 -1 5 9 -1 11 14 -1 2 -1 1 10 -1 2 5 14 -1 0 3 4 -1
145 9 10 -1 13 14 -1 9 13 -1 9 14 -1 13 14 -1 11 13 14 -1 10 11 -1 8 -1
146 10 -1 7 -1 7 -1 14 -1 4 -1 13 -1 4 7 -1 13 -1 5 8 11 -1 2 12 14 -1 7 12 13 14 -1 6 -1
147 2 6 -1 10 -1 11 -1 6 10 -1 7 -1 4 -1 2 13 14 -1 10 14 -1 8 -1 11 -1
148 9 -1 1 -1 11 13 -1 5 8 12 -1 5 -1 12 -1 13 -1 10 -1 8 -1 8 -1 0 11 12 13 -1 10 -1 9 -1 8 9 -1
149 10 12 -1 10 -1 9 -1 13 14 -1 11 13 14 -1 11 13 14 -1 4 -1 11 -1 5 8 12 13 -1 9 -1 14 -1 9 13 14 -1 4 -1
150 13 -1 9 -1 5 -1 10 14 -1 14 -1 12 -1 12 -1 11 13 -1 11 -1 0 4 -1 11 -1 3 13 14 -1 12 14 -1 4 -1
151 12 -1 4 5 13 -1 14 -1 11 13 14 -1
152 0 -1
153 2 6 10 14 -1
154 14 -1 14 -1 7 -1 2 -1 14 -1 10 -1 7 -1 1 -1
155 11 -1 12 -1 2 -1 12 -1 14 -1 12 13 -1 1 -1 2 -1 2 -1 4 -1 12 14 -1 10 -1 14 -1 5 -1
156 9 -1 3 -1 5 10 -1
157 6 10 13 -1 3 14 -1 7 -1 7 9 13 -1 9 12 13 -1 10 -1 1 -1 4 -1 10 -1 7 -1 0 -1 11 12 -1 13 -1
158 3 -1 10 -1 14 -1 1 -1 0 2 6 -1 5 9 13 14 -1 6 -1 10 14 -1 5 8 -1 1 -1 7 11 -1 5 -1 13 14 -1 4 -1 8 -1
159 8 13 14 -1 5 13 14 -1 13 -1 14 -1 7 -1 8 -1
160 2 -1 2 -1 11 14 -1 8 -1 13 -1
161 7 -1 4 5 11 12 14 -1 9 -1 0 -1 3 7 -1 14 -1 5 7 -1 7 -1 13 -1 10 12 13 -1 11 14 -1 11 14 -1 10 13 -1 2 -1 10 11 14 -1
162 7 8 9 10 -1 10 -1 2 10 13 14 -1 7 -1 7 8 9 -1
163 12 -1
164 11 -1 5 -1 2 -1 4 10 12 13 14 -1 11 14 -1 8 14 -1 10 -1 12 -1 2 -1
165 4 -1 13 14 -1 11 14 -1 4 14 -1 1 11 -1 14 -1 9 14 -1 8 -1 11 -1 3 -1 12 13 14 -1 3 -1 3 -1 9 11 12 14 -1
166 12 -1 1 -1
167 7 11 12 13 -1 8 -1 14 -1 5 8 -1 6 -1 3 8 -1 14 -1 7 -1 11 12 -1 6 14 -1 6 -1 12 14 -1 8 12 13 -1 4 -1 2 6 -1
168 13 -1 10 13 -1 2 13 14 -1
169 8 14 -1 0 5 -1 10 -1 9 -1 13 14 -1 11 14 -1 9 -1
170 4 6 -1 9 14 -1 6 -1 11 13 -1 14 -1 8 -1 12 -1 9 10 -1 11 13 14 -1 2 7 -1 10 -1 11 13 -1
171 1 6 -1 1 3 4 11 12 14 -1 1 9 -1 2 10 -1 6 -1 1 4 -1 4 12 13 14 -1 4 11 -1 7 -1 14 -1 12 14 -1 1 -1
172 7 -1 9 -1 6 9 12 -1 5 -1
173 11 12 14 -1 9 -1 3 -1 1 9 -1 8 -1 2 -1 11 -1 10 -1 4 10 14 -1 10 -1 13 14 -1 2 -1 8 13 -1 1 -1 5 11 -1 6 -1 6 14 -1 5 -1 13 -1 13 -1
174 8 10 -1 0 -1
175 13 14 -1 7 -1 9 12 14 -1 8 13 14 -1 8 -1 11 12 -1 4 11 -1 4 9 13 14 -1 13 -1 14 -1
176 4 8 -1 7 12 -1 11 -1 14 -1 3 9 14 -1 10 -1
177 8 -1 2 -1 8 13 -1 3 -1 10 11 14 -1 5 13 14 -1 10 -1 3 -1 0 3 -1
178 1 13 14 -1 1 9 -1 13 -1 0 -1
179 0 13 -1 2 13 14 -1 9 13 -1
180 8 9 -1
181 4 10 -1 8 12 13 -1 2 6 -1 13 14 -1 7 12 -1 3 -1 12 -1 13 14 -1 11 14 -1
182 14 -1 12 -1 14 -1 8 12 -1 1 11 -1
183 0 9 -1 12 -1 13 14 -1 12 -1 0 -1 9 10 -1 3 11 -1 13 14 -1 7 -1 5 13 -1
184 8 13 14 -1 2 -1 11 -1 5 -1
185 0 1 3 7 -1 8 -1 8 9 -1 2 -1 3 -1 1 3 5 12 -1 2 12 14 -1 4 -1
186 12 -1 8 -1 6 -1 4 -1 7 -1 7 13 14 -1
187 1 13 14 -1 1 14 -1 8 12 -1 12 13 14 -1 14 -1 8 -1 11 -1 7 -1 4 -1 0 12 -1 14 -1 10 13 14 -1 5 11 -1 12 13 -1 4 6 -1 14 -1 10 -1
188 3 6 10 -1 4 -1 7 -1 11 14 -1 0 14 -1 2 -1 14 -1 13 14 -1 12 13 -1
189 5 9 -1 10 12 -1 4 5 -1 2 -1 13 -1 2 -1 11 -1 13 14 -1 14 -1 9 -1 0 -1 10 -1 12 14 -1 13 14 -1 5 9 13 14 -1 7 -1 5 6 -1
190 13 -1 6 -1 9 -1 3 9 -1 5 8 -1 5 14 -1 4 12 -1 1 -1 5 -1 3 13 -1 10 -1 13 -1 4 14 -1 5 11 -1 9 10 14 -1 9 11 13 -1
191 2 -1
192 12 -1
193 12 -1 8 11 -1
194 12 -1 2 -1 10 -1 3 14 -1 14 -1 3 -1 11 13 14 -1 8 -1 7 9 -1 8 -1 7 -1 1 -1 11 -1 7 -1 4 -1 11 -1
195 5 -1 2 3 -1 2 13 14 -1 8 11 14 -1 8 9 -1 3 -1
196 14 -1 7 11 -1 12 -1
197 3 -1 9 12 -1 6 -1 3 -1 13 -1 2 -1 1 -1 7 8 14 -1 1 -1 14 -1 14 -1 11 -1 14 -1 7 14 -1 4 12 13 14 -1 4 5 8 -1 9 -1
198 10 13 14 -1 8 10 13 14 -1 10 11 12 -1 9 -1 4 -1 11 -1 13 -1
199 13 -1 14 -1 7 -1 5 -1
200 12 13 14 -1 5 12 13 14 -1 10 -1 0 -1 14 -1 6 -1 6 8 -1 10 -1 13 -1 5 9 12 -1 3 -1 2 -1 12 -1 4 -1 6 -1 13 14 -1
201 4 -1 10 11 13 14 -1 8 -1 1 -1 13 -1 1 2 -1 13 14 -1 12 -1
202 11 14 -1 13 14 -1 12 -1
203 10 -1 12 -1 8 -1 6 9 13 14 -1
204 4 -1 0 14 -1 3 8 11 12 14 -1 7 -1 13 -1 2 12 13 -1
205 12 -1 13 -1 9 14 -1 14 -1 11 14 -1 11 -1 10 14 -1 4 -1 13 14 -1
206 11 12 -1 2 7 -1 9 11 -1 1 -1 9 -1 1 14 -1 13 -1 3 4 11 12 14 -1 0 -1 0 -1 9 11 14 -1
207 1 -1 1 11 -1 2 6 -1 6 9 12 14 -1 10 13 14 -1
208 6 8 -1 10 14 -1 7 -1 3 4 -1 5 8 -1 12 -1
209 5 13 -1 11 13 -1 2 -1 1 -1 10 14 -1 1 -1 3 14 -1
210 10 11 12 14 -1
211 3 11 13 14 -1 6 9 -1 2 -1 3 6 -1 0 -1 7 -1
212 12 14 -1 9 14 -1 0 -1 10 -1 2 -1 2 12 -1 4 6 -1 11 -1 14 -1 8 12 -1 3 -1 2 9 13 -1 11 -1 10 11 -1 3 7 -1
213 10 11 -1 4 -1 10 -1 8 13 14 -1 8 -1 13 -1 14 -1 2 -1 4 -1 13 14 -1 7 12 14 -1 11 -1 13 -1 8 14 -1 13 -1
214 14 -1 9 -1 7 -1 7 8 -1 4 12 -1 1 -1 12 -1
215 12 -1 9 -1 7 -1 3 14 -1 14 -1 8 -1 3 10 -1 5 13 14 -1 5 12 -1 11 14 -1 14 -1 5 11 13 14 -1 7 -1 13 -1 4 -1 5 6 -1
216 10 -1
217 0 5 11 13 14 -1 1 -1
218 1 -1 12 -1 3 -1 5 -1 14 -1 6 11 -1 10 -1
219 13 -1 12 -1 0 1 10 -1 14 -1 8 -1
220 9 14 -1 8 11 13 14 -1 1 -1 3 7 -1 9 11 -1
221 0 -1 3 6 -1 14 -1 0 -1 14 -1 3 12 -1 0 14 -1 14 -1 4 -1 6 -1
222 12 13 14 -1 10 -1 1 -1 1 2 -1 7 -1 3 -1 8 13 -1 13 -1 1 4 10 -1 7 9 -1 1 12 -1
223 13 -1 10 13 -1 11 -1 8 -1 6 7 13 14 -1 9 -1 11 14 -1 10 13 -1 2 14 -1 0 4 5 -1 3 9 -1 0 -1
224 7 12 14 -1 7 12 13 14 -1 6 -1 3 -1 14 -1 6 -1 10 -1
225 2 8 14 -1 2 -1 1 8 -1 12 -1 1 6 8 12 -1 0 -1 10 -1 7 -1 8 14 -1 12 14 -1 1 -1 1 -1
226 11 13 -1 10 -1 6 -1 14 -1 8 10 14 -1
227 14 -1 13 -1 12 13 14 -1 14 -1
228 14 -1 10 -1 5 14 -1 12 -1 2 7 -1
229 8 -1 12 -1 8 13 14 -1 14 -1 7 -1 0 -1 4 9 -1 13 -1 2 -1 4 14 -1 13 -1
230 3 -1 7 11 -1 2 -1 0 11 -1 2 -1 13 -1 7 -1 4 10 14 -1 6 -1 1 13 14 -1 2 4 10 14 -1 1 2 -1 2 12 14 -1
231 14 -1 1 -1 2 -1 1 -1 11 -1 3 9 12 -1
232 10 -1 11 -1 0 -1 4 10 12 13 -1 3 12 -1 8 -1 14 -1 7 -1 9 -1 8 10 13 -1 12 -1
233 10 -1 2 -1 2 13 14 -1 10 13 -1 12 -1 11 -1 5 11 12 -1
234 10 -1 5 -1 6 -1 2 11 13 14 -1 13 -1 0 3 -1 5 6 -1
235 5 14 -1 13 -1 12 13 14 -1 8 9 10 -1 0 11 12 13 -1 4 -1
236 9 -1 12 13 14 -1 13 14 -1 1 6 -1 4 14 -1 14 -1 3 -1 8 -1 14 -1 13 14 -1 2 3 -1 12 -1 4 -1 5 9 -1
237 8 11 -1 2 6 7 -1 12 14 -1 4 -1 7 -1 7 -1 3 5 -1
238 13 -1 13 14 -1 12 -1 2 -1 0 4 11 13 -1 6 7 -1
239 0 -1 9 11 -1 1 -1 4 7 -1 3 -1 0 -1 13 14 -1 9 -1 2 11 -1 0 -1 13 14 -1 2 -1 2 8 -1 2 -1 13 14 -1 2 -1
240 12 14 -1 2 10 11 14 -1 12 14 -1 1 7 -1 14 -1 7 12 -1 4 -1 11 13 -1 14 -1 12 13 14 -1 0 -1 0 -1
241 7 -1 8 -1 14 -1 0 9 14 -1 13 -1 5 -1 9 10 -1 7 -1 13 -1 13 -1 9 -1 8 -1 11 -1
242 1 5 -1 9 -1 3 7 -1 8 -1 7 -1 7 -1 5 -1 11 14 -1 1 9 14 -1 14 -1 1 -1 0 -1
243 10 -1 3 -1
244 11 -1 6 8 -1 13 -1 1 9 -1 5 -1 7 -1 9 -1 5 9 13 -1 14 -1 4 -1 7 13 14 -1
245 7 13 14 -1 3 -1 7 -1 0 -1 2 -1 13 14 -1 3 10 -1 6 7 -1 10 14 -1 13 -1 4 -1 1 10 13 -1 6 14 -1 4 13 -1
246 14 -1
247 1 11 12 -1 7 -1 0 -1 8 -1
248 1 7 12 13 -1 1 7 -1 1 2 -1 1 10 14 -1 14 -1
249 10 -1 7 9 -1 7 14 -1 11 -1 8 9 10 -1 4 -1 13 -1 2 -1 1 3 -1 8 -1 11 -1
250 11 -1 9 -1 1 6 14 -1 13 -1 6 11 -1 9 14 -1 9 11 13 14 -1 10 -1 11 -1 8 -1 6 -1 6 10 12 13 14 -1 4 -1 14 -1 14 -1
251 13 -1 9 -1 3 12 -1 13 -1 11 12 -1 9 -1 2 -1 14 -1 14 -1 0 1 11 -1 13 14 -1 12 13 -1 5 -1 2 -1 2 -1 9 14 -1 11 13 14 -1 11 -1 0 -1
252 2 -1 4 12 14 -1 2 -1
253 11 -1 3 14 -1 3 -1 9 11 -1
254 6 10 12 -1 0 10 12 -1
255 2 -1 9 14 -1 14 -1 9 -1 9 10 -1 5 -1 3 14 -1 0 -1 3 6 7 10 -1 9 13 14 -1 5 -1 6 -1 4 8 -1 3 -1 6 -1 13 -1
256 7 8 -1 11 -1 0 -1 4 -1 1 12 -1
257 10 12 13 14 -1 7 10 12 -1 9 13 14 -1 10 13 -1 0 10 -1 14 -1 1 -1 9 -1 0 12 -1 7 8 12 13 14 -1 12 14 -1 11 14 -1 1 -1
258 10 -1 2 14 -1 1 7 11 -1 14 -1 9 14 -1 1 -1 9 -1
259 12 -1 5 -1 8 13 -1 11 -1 2 9 -1 4 -1 13 -1 13 -1 13 -1
260 1 -1 14 -1 8 -1 4 -1 5 -1 7 10 -1
261 10 -1 0 -1 8 -1 0 7 11 12 14 -1 11 -1 3 6 8 -1 14 -1 5 -1 8 11 13 -1 5 7 -1 0 -1 9 -1
262 5 -1 8 -1 9 -1
263 1 9 -1 1 3 -1 8 11 12 13 -1 7 -1
264 1 -1 1 3 14 -1 12 -1 12 13 -1 3 -1 6 8 12 14 -1 10 11 14 -1 5 7 13 -1 3 -1 4 -1
265 5 -1 7 -1 5 -1 11 -1 5 12 13 -1 11 13 -1 0 4 -1 9 14 -1 8 14 -1 8 -1 3 13 -1 2 14 -1 12 -1 1 -1 9 -1 9 -1 9 -1 14 -1 11 -1 8 -1
266 0 -1 0 -1 6 10 -1 13 -1 1 5 -1 9 -1 7 11 -1 10 12 14 -1 1 8 -1 10 13 -1 14 -1 12 -1
267 5 -1 7 14 -1 3 -1 1 7 10 11 13 14 -1 13 -1 7 -1 8 11 -1 6 -1 0 4 -1 0 1 6 -1 6 -1 14 -1 2 -1
268 1 -1 13 14 -1 2 -1 8 -1
269 6 10 -1 6 13 14 -1 11 -1 14 -1 12 -1 5 11 13 -1 1 -1 6 14 -1 0 10 12 -1 14 -1 9 -1
270 6 -1 6 13 14 -1 11 -1 6 7 13 14 -1
271 12 -1
272 10 -1 6 10 -1 1 12 14 -1 12 -1 11 12 14 -1 10 -1 5 6 -1 3 -1 6 -1 13 14 -1 9 11 13 14 -1
273 4 -1 14 -1 4 7 -1 12 -1 9 12 -1 11 -1 2 7 -1 0 -1 8 -1 7 -1 7 -1
274 10 13 14 -1 14 -1 6 10 -1 0 -1 2 3 4 10 14 -1 11 -1 2 -1 8 -1 6 11 14 -1 2 7 8 -1 6 14 -1 7 13 -1 6 12 14 -1
275 11 12 -1 11 13 14 -1 12 14 -1 5 10 -1 13 14 -1 10 -1 5 7 -1 8 -1 6 -1
276 0 8 13 -1 11 12 14 -1 8 -1 12 -1 7 13 14 -1 0 10 13 -1 3 10 -1 8 11 -1 3 -1 14 -1 7 12 -1
277 3 -1 13 -1
278 0 -1 12 14 -1 4 13 14 -1 4 6 14 -1 6 13 14 -1 5 -1 1 -1 7 -1 1 11 13 -1 7 -1 14 -1 6 8 13 -1 9 14 -1 3 14 -1
279 9 11 14 -1 8 11 -1 12 -1 1 -1 7 10 12 13 -1 14 -1 11 -1 3 5 -1 2 -1
280 5 -1 1 9 12 -1 6 -1 4 -1 9 -1 13 -1 8 14 -1 1 -1
281 1 4 -1 14 -1 14 -1 13 14 -1 3 5 -1
282 14 -1 11 -1 3 -1 9 -1 8 11 -1 1 -1 11 -1 6 -1 4 -1 9 11 -1 12 -1 12 -1 8 10 12 -1 14 -1 4 12 -1
283 4 -1 7 -1 13 -1
284 11 14 -1 2 8 -1 9 -1 8 -1 9 -1 7 -1 14 -1 10 -1 9 -1 12 13 -1 6 -1 1 -1 6 -1 3 -1
285 10 -1 4 9 -1 11 13 -1 0 1 12 -1
286 4 9 -1
287 13 -1 3 11 -1 7 -1 5 6 13 -1 13 -1 3 -1 2 -1 10 -1 6 -1
288 7 -1 1 -1 12 -1 1 -1 10 14 -1 5 -1 11 -1 2 4 -1 11 -1
289 3 -1 5 -1 10 12 -1 0 -1 2 -1 5 -1 5 14 -1 8 -1 4 10 12 14 -1 12 -1 10 -1 13 -1 13 -1 0 6 -1 3 11 -1 3 6 -1 4 13 -1 13 -1
290 10 -1 0 12 -1 5 8 -1
291 7 8 -1 6 7 -1 3 -1 11 14 -1 1 8 -1 14 -1 5 11 -1 10 -1 10 -1 1 -1 4 -1 12 -1 13 14 -1 11 -1 11 14 -1 9 -1 1 -1 3 -1 0 -1 2 -1
292 9 -1 8 -1 9 14 -1 6 10 11 12 -1 8 13 14 -1 7 -1 6 -1 14 -1 7 13 14 -1
293 3 9 10 -1 6 7 -1 13 14 -1 12 -1 11 -1 3 5 6 -1 0 1 10 14 -1 13 14 -1 6 -1 11 -1 2 -1 6 11 -1 12 -1 5 -1 3 -1
294 0 14 -1 8 14 -1 2 5 10 11 13 14 -1 10 -1 8 -1 11 -1 11 14 -1 1 14 -1 14 -1 12 -1 0 -1
295 8 -1 9 13 -1 0 -1 9 13 -1 7 10 11 -1 9 -1 13 -1 13 -1 9 -1
296 11 13 14 -1 10 -1 1 -1 0 -1 7 -1 5 -1 6 -1 0 10 -1 4 5 -1 10 12 -1 0 -1 14 -1 14 -1 3 -1 1 3 6 13 -1 0 -1
297 5 11 -1 1 -1 5 -1 11 14 -1 10 -1 13 14 -1 4 13 -1 6 -1 2 -1 7 -1 4 -1 7 8 -1 6 10 -1 5 13 14 -1 0 -1 10 11 13 -1
298 11 13 14 -1 8 -1 3 8 -1 12 -1 12 14 -1 12 13 14 -1 12 13 14 -1 6 7 -1 14 -1 13 -1 4 -1 7 -1
299 13 -1 10 -1 7 -1 12 13 14 -1 7 9 -1 14 -1 10 14 -1 9 -1 14 -1
300 0 -1 12 -1 0 -1 6 7 -1 8 -1 7 10 -1 5 12 14 -1 1 4 7 -1 4 14 -1 12 13 -1 6 -1 2 12 14 -1
301 12 -1 1 5 -1 4 14 -1 4 11 12 -1 8 -1
302 4 -1 14 -1 13 14 -1 9 -1
303 13 14 -1 8 -1 12 14 -1 7 -1 4 -1 1 -1 1 13 -1 1 -1 10 -1 11 14 -1 14 -1 11 14 -1 0 7 -1 10 -1 7 -1 2 -1 6 -1
304 2 4 -1 5 -1 12 14 -1 9 -1 9 -1 9 -1 3 6 -1 6 -1 5 8 -1 8 -1
305 5 -1 14 -1 10 -1 2 9 -1 11 14 -1 2 -1 0 -1 1 5 11 12 -1 2 -1 3 13 -1 0 12 13 -1 1 -1 7 -1
306 1 2 -1 13 -1 14 -1 8 -1 9 10 -1 5 8 10 12 14 -1 2 -1 14 -1 6 -1 10 13 14 -1
307 6 10 14 -1 0 -1 0 -1 0 10 -1 12 -1 4 12 -1 8 12 -1 8 -1 8 -1 9 13 -1 8 -1
308 11 -1 10 11 -1 0 -1 1 7 9 -1 8 12 14 -1 12 14 -1 14 -1 4 13 -1 3 -1 6 14 -1 4 -1 5 -1 10 12 13 -1 3 -1
309 11 14 -1 6 11 13 -1 14 -1 6 11 -1 13 -1 10 -1 3 6 7 -1 9 12 13 14 -1 12 -1 7 8 -1 10 -1 2 8 -1 3 -1
310 4 10 -1 10 -1 2 6 10 -1 9 11 12 -1 10 -1 3 -1 3 -1 9 -1
311 12 -1 11 -1 10 -1 5 14 -1 5 -1 11 13 -1 12 13 -1 1 -1 11 -1
312 6 -1 13 -1 12 -1 7 -1 1 -1 7 12 -1 0 4 6 -1 9 -1 12 -1 3 -1 13 -1 4 5 8 -1 3 -1
313 7 12 -1 11 13 -1 11 14 -1 14 -1 14 -1 10 12 13 14 -1 2 6 8 13 -1 14 -1 5 14 -1 8 -1
314 14 -1 1 -1
315 2 3 9 -1 7 8 -1
316 14 -1 8 10 -1 6 -1
317 2 9 -1
318 14 -1 3 -1 11 -1 3 -1 5 -1 10 14 -1 4 8 -1 2 5 -1
319 7 -1 2 8 11 -1
320 14 -1 13 -1 12 -1 11 14 -1 9 12 14 -1
321 4 12 13 -1 1 -1 12 -1 13 14 -1 11 -1 12 14 -1 13 -1 3 13 -1 5 -1 14 -1 0 -1 5 9 12 -1 3 9 10 12 -1 4 8 14 -1 9 -1
322 14 -1 5 -1 1 -1 4 5 -1 13 14 -1 10 14 -1 13 -1 12 -1 12 -1 4 -1 14 -1
323 12 13 -1 13 -1 8 -1 1 13 14 -1
324 9 -1 13 -1 1 -1 10 -1 10 -1 10 -1 4 -1 2 -1 7 -1 8 13 -1
325 7 14 -1 10 -1 14 -1 12 13 14 -1 1 -1 8 -1 10 12 13 14 -1
326 14 -1 9 12 -1 8 -1 7 -1 1 4 7 -1 11 12 14 -1 14 -1 12 -1 7 11 14 -1 13 -1
327 3 -1 2 -1 9 -1 11 -1 7 -1 11 -1 0 7 14 -1 4 7 14 -1 8 -1 5 12 -1 11 14 -1
328 1 12 13 -1 10 13 14 -1 1 -1 3 -1 2 -1 5 6 13 -1 14 -1 8 -1 4 -1 14 -1 11 -1 7 -1
329 5 -1 3 -1 10 -1 4 8 -1 9 -1 12 -1 6 -1 1 2 10 -1 9 -1 4 11 13 -1 0 -1 1 13 14 -1 1 13 -1 14 -1
330 7 12 13 -1 5 8 11 12 14 -1 13 -1 10 13 -1 14 -1 4 7 9 -1
331 4 -1 2 10 14 -1 3 -1 4 7 -1 14 -1 2 -1
332 4 6 14 -1 4 -1 13 14 -1 9 -1
333 2 -1 9 -1 0 -1 10 13 -1 4 13 -1 8 -1 9 -1
334 11 -1 13 -1 6 -1 12 14 -1 3 -1 0 8 11 12 13 14 -1 11 14 -1
335 0 4 -1 8 14 -1 10 -1 2 12 14 -1 3 14 -1 2 -1
336 9 -1 1 7 -1 4 8 10 -1 5 11 12 13 14 -1 11 12 14 -1 2 -1 3 4 -1 3 -1 1 -1 7 -1 0 -1
337 8 -1 7 14 -1 13 14 -1 11 14 -1 12 14 -1 6 -1 13 -1 3 -1 2 8 12 14 -1 6 -1 5 11 14 -1 6 8 -1 0 -1
338 7 -1 6 -1 0 -1 0 12 13 -1 12 -1 10 13 14 -1 9 -1 3 8 -1 8 -1 5 -1 2 -1
339 3 14 -1 10 13 14 -1 5 -1
340 0 -1 6 -1 8 14 -1 5 -1 8 12 14 -1
341 2 9 -1
342 0 -1
343 2 -1 4 7 -1 6 -1 12 13 -1 6 -1 10 14 -1 8 12 14 -1 0 -1 5 -1 0 -1 4 -1 14 -1 1 10 -1 6 7 -1 0 -1 10 -1 7 -1 0 -1
344 14 -1 1 -1 14 -1 0 8 9 -1 5 -1
345 12 13 -1 10 11 13 -1 12 -1 7 12 14 -1 4 12 14 -1 6 -1 7 -1 3 9 11 13 -1 3 -1 14 -1 5 7 -1 7 14 -1 6 -1 4 -1
346 5 -1 9 11 -1 1 7 8 -1 13 -1 6 10 -1 3 -1 1 -1
347 3 7 11 -1
348 7 11 -1 2 12 13 14 -1
349 6 12 -1 1 -1 12 -1 1 -1 4 14 -1 6 -1 8 -1 9 -1 4 -1 4 8 9 12 -1 12 13 14 -1 5 -1
350 3 5 10 13 14 -1 9 13 14 -1 3 -1 0 -1 2 8 11 -1 8 -1
351 3 4 14 -1 11 13 -1 7 -1 0 11 -1 3 10 -1 13 -1 6 -1 14 -1 14 -1 12 14 -1 7 -1
352 6 14 -1 13 -1 6 8 10 -1 2 -1 1 3 -1 3 9 14 -1 2 3 -1
353 9 13 -1
354 7 -1 6 -1 2 14 -1 14 -1 5 12 14 -1 2 8 -1 11 -1
355 2 -1 8 11 -1 14 -1 0 8 14 -1 0 11 13 -1
356 13 -1 12 14 -1 2 -1 14 -1 6 7 -1 12 -1 6 -1 12 -1 4 -1 12 -1 3 9 -1 8 9 14 -1 2 -1 8 -1 7 11 14 -1 3 13 14 -1 3 -1 8 -1 13 -1 1 -1
357 11 -1
358 10 -1 12 -1 1 -1 0 5 11 12 -1 12 -1 11 -1 7 11 14 -1 13 14 -1 7 14 -1 12 -1 12 -1 10 14 -1
359 2 -1 5 -1 7 12 -1 12 14 -1 3 -1 13 14 -1 6 -1 0 2 12 14 -1 9 13 14 -1 8 -1
360 11 12 -1 6 -1 3 13 -1
361 11 -1 5 6 9 13 -1 10 -1 13 -1 11 12 -1 12 -1 3 -1 9 -1 9 -1 5 10 13 -1 7 -1 7 -1 8 9 -1
362 9 13 -1 4 13 -1 9 13 -1 0 -1 4 -1 14 -1 8 10 -1 13 14 -1 3 10 14 -1 5 9 -1 13 14 -1 6 -1 8 9 -1 1 8 14 -1 1 -1
363 6 8 -1 5 -1 0 -1 11 -1 11 14 -1 8 -1 3 4 14 -1 13 -1 12 -1 9 12 13 -1 8 -1 10 -1 5 -1 13 14 -1 0 7 -1 11 13 -1 2 14 -1 5 14 -1
364 14 -1 13 -1 14 -1 2 -1 10 -1 3 -1 10 -1 3 12 -1 9 -1 8 11 -1 12 13 14 -1 12 -1 1 12 13 -1 8 11 -1 8 9 13 -1 14 -1
365 5 10 14 -1
366 14 -1 9 14 -1 9 -1 7 -1 13 -1 4 6 8 -1 7 -1 1 -1 12 -1 13 -1 3 4 9 14 -1 1 -1 6 11 14 -1 8 -1 11 14 -1 7 13 14 -1 8 -1
367 11 12 14 -1 7 9 12 -1 9 -1 8 -1 0 11 12 13 14 -1 9 -1 11 12 13 -1 8 13 14 -1 12 13 14 -1 9 10 11 -1
368 2 -1 14 -1 10 -1 10 12 -1 9 -1 12 -1 5 8 9 10 -1 11 -1 13 14 -1 12 -1 14 -1 3 -1 2 -1
369 3 -1 3 12 -1 1 14 -1 12 -1 13 -1 5 -1 3 4 -1 10 14 -1 12 13 -1 3 7 -1 1 -1 11 -1 1 8 14 -1 6 8 9 -1
370 14 -1 7 -1 10 -1 0 -1 14 -1 13 -1
371 1 5 13 14 -1 13 14 -1 6 -1 3 -1 11 -1 13 -1
372 6 12 -1 8 10 13 -1 8 9 14 -1 2 -1
373 9 -1 2 -1 14 -1 9 -1 3 -1 0 13 14 -1 0 -1 9 13 -1 8 12 -1 12 -1 2 -1 9 -1 12 -1
374 7 13 14 -1 13 14 -1 14 -1 13 -1 2 -1 14 -1 8 -1 4 11 13 -1 14 -1 13 14 -1 4 12 13 14 -1 6 -1 13 14 -1
375 5 13 14 -1 9 -1 8 10 -1 8 -1 14 -1 14 -1 4 8 -1
376 0 -1 1 13 -1 12 13 -1 0 -1 14 -1 3 7 9 11 -1 13 14 -1 7 -1 6 -1 9 -1 11 -1 11 12 13 -1 1 3 6 -1 8 10 12 -1
377 3 11 -1 10 -1 1 10 14 -1 6 11 14 -1 4 8 10 -1
378 0 5 -1 0 1 11 13 14 -1 1 -1 5 6 7 -1 1 -1 9 -1 8 10 12 14 -1 1 2 -1 0 2 3 -1 6 9 -1
379 14 -1 8 14 -1 11 13 -1 3 -1 7 -1 6 -1 0 11 -1
380 5 -1 9 12 -1 13 14 -1
381 5 9 -1 11 -1 7 13 14 -1 13 -1 0 7 -1 3 -1 12 -1 7 9 13 -1 13 -1 8 9 -1 3 -1 8 13 14 -1 11 -1 0 6 -1
382 6 -1 2 12 13 -1 0 12 14 -1 0 6 10 14 -1 4 6 9 -1 5 7 -1
383 1 12 -1 10 -1 9 -1
384 12 14 -1 9 -1 12 13 14 -1 4 7 9 -1 3 -1 3 -1
385 11 12 -1 11 13 14 -1 12 -1 11 12 14 -1 7 14 -1 12 13 -1
386 14 -1 5 14 -1 7 11 -1 14 -1
387 10 -1 4 -1 5 12 14 -1 3 7 8 14 -1 6 10 -1 9 10 13 -1 5 9 12 -1 2 8 13 -1 11 -1 13 14 -1 6 -1 14 -1 1 -1 5 -1 7 -1 8 -1
388 8 13 14 -1 14 -1 5 10 -1 7 10 14 -1
389 4 -1 12 13 -1 1 2 4 8 14 -1 8 -1 9 -1 12 -1 2 -1 4 12 13 14 -1
390 7 -1 4 8 12 -1
391 13 -1 3 11 -1 14 -1 10 -1 8 -1 2 -1
392 10 -1 14 -1 9 -1 9 -1 5 -1 14 -1 3 7 -1 6 -1 12 -1 12 -1 12 -1 3 -1 13 14 -1 2 8 14 -1 8 -1 2 -1 4 -1 9 -1 0 -1
393 8 -1 11 -1
394 4 12 14 -1 9 -1 11 -1 0 11 14 -1 2 -1 1 -1 8 -1 6 12 -1
395 8 14 -1 14 -1 0 2 -1 4 -1 14 -1 13 14 -1 6 9 10 -1 7 11 -1 0 11 12 -1 7 12 -1
396 1 -1 2 14 -1 5 -1
397 1 -1
398 1 -1 3 4 -1
399 11 12 14 -1 9 -1 9 -1 4 -1 11 14 -1 8 -1 7 -1 2 -1 1 14 -1 9 10 -1 2 9 -1 9 13 -1 5 -1 13 -1
400 12 13 14 -1 10 -1 12 -1 9 13 14 -1 12 14 -1 0 3 -1 13 14 -1 5 14 -1 9 -1 3 -1 7 11 13 -1
401 8 -1 13 -1 3 4 -1 4 7 -1 1 -1 5 7 -1 1 3 13 -1 9 11 -1 8 -1
402 14 -1 7 -1 7 -1 1 9 -1 12 14 -1 4 10 -1
403 5 13 14 -1 12 13 -1 11 -1
404 9 -1 1 9 13 -1 11 -1 5 -1 0 11 -1 4 11 -1 13 14 -1 7 9 -1 8 -1 1 14 -1 1 -1 2 14 -1 1 -1
405 12 -1 8 -1 8 10 12 13 -1 9 -1 3 6 -1 9 11 14 -1 0 -1 7 8 -1 9 12 14 -1 7 -1 0 -1 5 -1 2 4 -1
406 6 14 -1 2 -1 11 13 -1 0 -1 12 -1 11 -1 12 -1 2 -1 0 3 11 -1 1 11 -1 10 -1 6 11 -1
407 11 13 14 -1 10 11 12 14 -1 6 -1 11 12 -1 3 12 14 -1 8 13 -1
408 5 -1 9 14 -1 6 -1 7 -1 9 14 -1 3 8 -1 2 12 -1 4 -1 6 9 14 -1 0 1 13 -1 2 -1 13 -1 14 -1
409 11 -1 1 14 -1 0 -1 2 -1 1 -1 10 13 14 -1 13 14 -1 11 13 14 -1 12 -1 9 11 -1
410 14 -1 3 -1 0 -1 9 -1
411 8 13 -1 0 -1 3 -1 8 -1 5 -1 5 11 -1 9 -1
412 4 -1 14 -1 5 -1 3 8 13 14 -1 0 3 9 10 14 -1 13 -1 13 14 -1 14 -1 14 -1 4 -1 5 7 14 -1 10 11 12 -1 8 -1
413 7 12 14 -1 6 9 -1 12 13 -1 6 -1 13 14 -1 13 14 -1 2 -1 1 -1 14 -1 8 9 -1 11 -1 3 -1 9 -1 7 10 14 -1 12 -1 9 -1 6 -1 0 -1 12 -1 7 -1
414 14 -1 10 14 -1 14 -1 1 7 -1 6 -1 13 -1 11 -1 13 -1 6 -1 14 -1
415 3 8 -1 10 11 14 -1 2 -1 1 -1 12 -1 3 6 7 -1 6 -1 10 -1 9 13 -1 14 -1 3 -1 7 9 10 -1 1 10 11 -1 7 -1 10 -1
416 3 -1 5 -1 4 7 -1 2 8 -1 8 11 -1 8 11 -1 9 11 14 -1 10 13 -1 8 -1 13 -1 2 8 9 -1 13 14 -1 9 13 -1
417 7 9 -1 7 -1 2 11 13 14 -1 7 10 -1 10 -1 8 14 -1 13 14 -1 8 -1 2 11 14 -1 12 14 -1 9 -1 11 13 14 -1 3 6 -1
418 10 12 -1
419 11 14 -1 10 -1 8 -1 8 9 12 13 -1 12 14 -1 5 -1 8 -1 10 -1
420 5 7 -1 13 -1 7 -1 14 -1 5 9 -1 8 -1
421 0 2 -1 3 10 -1 10 12 -1 1 -1 2 -1 5 10 -1 6 -1 13 14 -1 11 12 13 14 -1 6 -1
422 2 5 6 -1 8 -1 1 7 13 -1 14 -1 14 -1 3 -1 2 3 -1 1 5 13 14 -1 3 -1 14 -1 14 -1 4 -1
423 12 14 -1 12 13 -1 10 13 14 -1 12 -1 4 -1 14 -1 13 -1 3 8 -1 1 -1 9 11 -1 13 14 -1 14 -1 8 -1 1 12 -1 4 -1
424 14 -1 7 -1 2 -1 9 -1 6 -1 0 14 -1 8 -1 14 -1 0 12 -1 5 10 14 -1 9 12 -1 10 14 -1 4 6 12 -1
425 9 10 14 -1 9 -1 13 14 -1 2 10 11 -1 13 14 -1 4 10 13 14 -1 8 13 -1 12 13 14 -1
426 5 8 9 11 14 -1 13 -1 10 -1 4 -1 3 -1 0 13 14 -1 3 7 -1 11 12 -1 0 9 12 13 -1 9 11 -1 9 -1
427 11 -1
428 14 -1
429 3 9 14 -1 3 -1 4 -1 10 -1 14 -1
430 4 -1 1 -1 3 -1 3 5 7 -1 6 7 -1
431 3 -1 5 -1
432 8 -1 0 14 -1 2 -1 6 11 -1 9 14 -1 6 -1
433 7 -1 3 -1 13 14 -1 6 -1 0 10 -1
434 12 14 -1 4 -1 13 -1 2 3 -1 12 13 14 -1 9 -1
435 13 14 -1 3 -1 5 6 -1 13 -1 8 -1 6 -1 0 -1 10 -1 6 -1 13 -1
436 6 7 11 -1 8 11 14 -1 10 13 -1 0 -1 9 -1 4 -1 14 -1 3 6 10 12 13 -1 9 11 13 -1 4 5 -1 12 -1
437 12 14 -1
438 6 9 -1 11 13 14 -1 10 -1 2 9 14 -1 4 -1 11 -1 8 13 -1 2 4 14 -1 11 -1 6 -1 2 -1 2 -1
439 0 -1 10 -1
440 14 -1 1 12 -1 2 -1 11 -1 0 -1
441 13 -1
442 11 13 14 -1 4 14 -1 3 8 -1 0 13 -1 12 -1 14 -1 9 13 -1 9 -1 0 -1 12 14 -1 6 -1 4 -1 10 13 -1
443 6 -1 3 10 11 14 -1 10 11 -1 0 14 -1 1 -1 8 14 -1 10 12 13 -1 11 -1 11 -1 5 10 -1 14 -1 6 7 -1 4 -1 4 5 -1 8 -1
444 6 -1 8 14 -1 1 -1 9 11 -1 2 7 13 14 -1 10 -1 9 13 14 -1 1 -1 12 -1 4 10 -1 5 -1 6 -1 8 11 12 13 -1 13 14 -1 11 -1
445 9 11 -1 5 14 -1 12 -1 13 -1 10 -1 9 -1 9 10 14 -1 2 3 11 14 -1 8 14 -1 12 14 -1 7 -1 6 -1 10 13 14 -1 0 -1
446 12 14 -1 13 14 -1 9 12 -1 13 14 -1 4 5 6 -1 8 -1 1 -1 13 14 -1 14 -1 10 11 13 14 -1 10 14 -1 14 -1
447 4 7 -1 5 11 -1
448 12 -1 8 -1 6 14 -1 7 -1 5 9 -1 14 -1 5 11 -1 7 9 -1 12 -1 10 -1 5 13 -1 3 -1 1 -1 12 -1 13 14 -1 1 3 -1 10 -1 6 9 -1 14 -1 0 -1
449 6 -1 6 -1 7 -1 10 -1 14 -1 3 5 -1 5 -1 7 10 11 -1 3 -1 0 -1
450 11 13 14 -1 0 -1 8 -1 11 -1 14 -1 11 -1 6 -1 3 -1 8 13 -1 2 -1 0 -1 4 -1 13 -1 9 -1
451 11 -1 12 -1 8 12 -1 2 -1 4 -1
452 8 -1 6 -1 14 -1 3 -1 11 12 -1 0 -1 9 14 -1 2 6 13 -1 0 -1 8 -1 7 -1 4 14 -1 6 10 13 14 -1 12 -1 11 -1 13 -1 11 -1
453 6 -1 2 14 -1 12 -1
454 5 -1
455 10 -1 14 -1 3 -1 2 9 13 -1 1 -1 4 -1
456 8 14 -1 10 -1 8 11 -1 12 -1 6 9 -1 12 13 14 -1 0 -1 4 -1 6 10 -1 0 -1
457 14 -1 4 9 -1 1 -1 8 -1 6 9 14 -1 4 -1 13 -1 10 14 -1
458 8 -1 4 -1 10 -1 11 13 -1 3 -1 7 9 -1 6 -1 7 -1 3 -1 1 7 -1 6 -1
459 11 12 -1 10 -1 10 13 -1 4 -1 1 -1 12 14 -1 0 9 12 -1 4 -1 2 -1 1 -1 11 12 -1 4 6 -1 1 -1
460 13 -1 8 -1 5 11 -1 14 -1 14 -1 7 -1 4 14 -1 4 -1 11 -1 5 -1 3 5 -1 1 6 -1 10 -1 12 14 -1 9 -1
461 3 -1 2 5 -1 9 13 -1 3 -1 10 -1 12 14 -1 8 14 -1 7 9 -1 11 -1 7 -1 11 13 14 -1 3 10 -1
462 12 13 -1 1 2 14 -1 11 -1 2 -1 9 10 -1
463 12 -1 9 -1 5 9 13 14 -1 0 2 -1 2 8 13 -1 10 -1 12 -1 7 -1 9 12 13 -1 13 14 -1 8 -1 7 9 -1 0 -1
464 9 -1 5 6 13 -1 10 14 -1 9 -1 10 -1 0 -1
465 4 10 14 -1 8 -1 1 -1
466 0 -1 12 14 -1 14 -1 3 -1 10 -1 1 -1 0 -1 6 -1 13 -1 3 8 -1 13 14 -1 7 -1 9 -1 12 14 -1
467 2 -1 14 -1 9 10 14 -1 3 5 7 -1 13 -1
468 4 11 -1 7 -1 3 9 11 13 14 -1 11 12 14 -1 11 13 14 -1 12 -1 0 3 -1 10 -1 3 -1 0 -1
469 3 -1 14 -1 5 7 13 -1 3 14 -1 12 -1 4 12 -1
470 0 6 -1 9 -1 13 -1 3 -1 14 -1 1 -1 10 -1 9 11 -1 13 14 -1 14 -1
471 12 13 14 -1 11 14 -1 10 14 -1 8 -1 10 11 -1 2 -1 11 -1 1 3 -1
472 10 11 12 -1 8 -1 12 13 -1 0 -1 14 -1 9 -1 6 13 14 -1 9 10 13 -1
473 10 12 -1 6 7 -1 8 -1 1 3 -1 4 -1 3 -1 5 -1 9 -1 8 12 13 14 -1
474 12 -1 4 14 -1 0 -1 2 -1 2 14 -1 3 9 13 -1 0 12 -1 6 8 -1 13 -1
475 12 -1 14 -1 13 -1 12 -1 3 12 -1 11 -1 1 13 -1 13 -1 6 9 10 -1 7 14 -1
476 11 13 -1 10 -1 12 13 -1 13 14 -1 4 7 11 -1 4 -1 11 13 -1 10 14 -1 6 -1 13 -1 5 -1 4 12 -1 4 -1
477 8 -1 2 -1 5 -1 3 13 14 -1 6 11 -1 9 10 -1 4 -1 10 -1 10 12 -1 12 -1 4 -1 14 -1 10 14 -1 8 10 12 -1 6 -1 13 14 -1 5 -1 10 -1
478 11 -1 2 7 -1 0 -1 10 11 -1 11 14 -1
479 7 8 12 -1 3 -1 5 -1 2 -1 11 12 14 -1 12 13 -1 6 8 -1 14 -1 13 14 -1 14 -1 8 13 14 -1 14 -1 5 10 -1
480 8 13 -1 11 -1 0 -1 1 11 -1 1 -1
481 0 -1 0 -1 14 -1 8 9 13 14 -1 10 13 14 -1 9 -1 6 -1 13 14 -1 9 10 13 -1 5 14 -1
482 4 -1 11 -1 2 10 12 13 14 -1 10 -1 11 14 -1 4 -1 6 12 13 14 -1 8 -1 6 -1 9 10 14 -1 0 10 -1 6 -1
483 10 12 -1 12 -1 4 10 11 14 -1 7 -1 1 -1 9 11 -1 2 -1
484 13 -1 8 -1 14 -1 11 -1 12 -1 13 14 -1 3 -1 7 10 -1 2 11 -1 4 7 9 13 14 -1 7 11 12 -1 3 -1 1 -1 13 -1
485 11 -1 5 7 11 -1 0 -1 1 -1 8 11 -1 7 9 14 -1
486 14 -1 1 8 10 -1 9 12 -1 8 -1 10 12 -1 8 11 13 14 -1 12 13 -1 3 -1 4 -1
487 9 11 -1
488 7 -1 1 -1 3 5 11 -1 11 12 14 -1 5 -1 13 -1 14 -1 8 10 13 -1 9 -1
489 6 9 -1 3 -1 4 -1
490 6 9 12 14 -1 1 2 9 -1 1 13 -1 2 11 12 14 -1 6 -1 0 13 -1 13 -1 5 6 -1 8 -1 12 13 -1 6 -1 12 -1 10 -1 5 -1 12 13 14 -1
491 13 -1 7 -1 7 -1 10 11 -1 1 6 -1
492 5 -1 5 8 -1
493 13 14 -1
494 11 -1 7 -1 7 -1 0 7 11 13 -1 2 11 12 -1
495 10 11 12 13 14 -1 3 10 11 -1
496 13 14 -1 1 6 -1 10 13 -1 3 -1 14 -1 8 11 14 -1 1 -1 1 8 9 -1 1 11 -1 7 -1 7 -1 2 12 -1 11 12 13 14 -1 2 -1
497 9 11 -1 2 8 10 13 -1 4 14 -1 12 -1 12 -1 13 14 -1 6 -1 12 13 -1
498 6 -1 1 -1 4 -1 13 14 -1 9 -1 5 7 11 -1 10 -1 7 14 -1
499 12 14 -1 7 -1 0 9 10 14 -1 9 12 -1 4 -1 5 13 14 -1 6 10 -1 6 -1 0 4 -1 5 7 8 14 -1 11 -1 1 4 11 13 -1
500 1 -1 11 -1 1 13 -1 12 14 -1 5 10 -1 3 11 13 14 -1 11 -1 1 -1 1 3 4 6 -1
501 2 -1 3 6 9 13 14 -1 0 -1
502 4 -1 10 -1 8 9 -1 6 12 -1 7 -1 5 13 14 -1 11 13 14 -1 2 14 -1 10 14 -1 11 -1 3 5 10 14 -1 3 11 -1 0 -1 4 -1
503 9 11 14 -1 2 -1 1 -1 1 -1 7 -1 2 14 -1 10 -1
504 6 8 -1 11 13 -1 5 -1 8 10 12 -1 6 10 -1 5 11 12 14 -1 7 12 -1 0 3 13 -1 7 8 10 11 14 -1 12 -1 13 14 -1 5 -1
505 12 14 -1 8 -1 0 -1 3 11 12 13 -1 6 10 -1 10 -1 6 -1 2 7 -1 5 -1 3 -1
506 9 -1 8 -1 1 13 -1 13 -1 0 14 -1
507 11 14 -1 12 14 -1 0 10 -1 7 -1 11 13 -1 4 -1 5 12 13 -1 6 8 -1 7 10 13 -1 4 7 -1 0 13 14 -1 4 8 -1 6 -1 4 -1
508 9 -1 13 14 -1 5 -1
509 12 -1 12 14 -1
510 2 4 -1 4 10 -1 2 9 -1 10 -1 9 -1 0 -1 2 9 11 -1 4 11 -1 8 -1 12 -1 9 -1 7 12 14 -1 2 6 7 -1
511 13 -1 13 -1 12 -1 9 -1 4 -1 6 8 -1 7 14 -1 3 -1 11 -1 7 8 -1
512 3 -1 1 14 -1 6 -1 9 12 14 -1 2 -1 8 -1 7 11 -1 14 -1 3 -1 2 13 14 -1 9 -1 1 14 -1
513 2 -1 3 14 -1 0 14 -1 1 -1 3 -1 1 4 -1 14 -1 7 -1 7 -1 11 -1 3 -1 6 14 -1 1 -1 9 -1 0 -1 13 -1
514 14 -1 12 13 14 -1 14 -1 2 11 -1 3 -1 2 -1 3 4 -1 14 -1 2 -1
515 1 -1 7 9 -1 6 -1 6 -1 14 -1 4 5 -1 14 -1 3 8 13 -1 11 14 -1 3 -1 9 10 -1 12 -1 10 13 -1 13 -1 11 -1 12 13 -1 0 -1 8 -1 14 -1
516 2 -1 0 -1 13 14 -1 7 -1 2 13 -1 11 -1 7 9 13 14 -1 13 14 -1 6 10 14 -1 7 -1
517 12 14 -1 10 -1 5 8 10 -1 0 1 -1
518 5 -1 4 6 -1 0 -1
519 7 -1 11 -1 5 9 -1 4 -1
520 2 9 13 14 -1 5 11 -1 5 -1 13 -1 4 -1 6 -1 11 13 -1 6 -1 6 10 11 -1 6 8 12 14 -1 9 11 12 14 -1 9 -1 1 -1 2 -1 9 -1
521 1 14 -1 8 -1 6 -1 10 14 -1 9 13 14 -1 7 -1 9 10 13 14 -1 11 -1 4 8 -1 10 12 -1
522 0 -1 14 -1 2 3 14 -1 8 13 14 -1 10 12 -1 1 -1 9 14 -1 6 -1 6 9 -1 14 -1 0 7 -1 4 -1 13 -1 0 -1 0 1 -1 0 -1 4 -1 14 -1 5 12 -1
523 3 -1 6 10 -1 3 11 -1 7 -1 7 -1 14 -1 6 13 14 -1
524 4 6 11 -1 5 -1 11 14 -1 9 13 -1 13 -1 5 6 -1 5 11 -1 9 10 -1 10 13 14 -1 2 -1 4 -1
525 4 -1 4 11 13 -1 12 13 -1 5 -1 0 8 9 -1 8 -1 14 -1 7 9 -1 3 6 -1 12 14 -1 2 -1 5 -1 13 -1
526 6 -1 8 -1 7 -1 6 9 -1 9 12 -1 9 10 -1 10 11 13 -1 2 8 11 -1 3 10 13 -1 14 -1 14 -1 12 -1
527 10 14 -1 12 -1 11 14 -1 0 -1 4 -1 13 -1 5 9 14 -1
528 4 -1 3 -1 8 -1 10 13 -1 8 10 14 -1 0 9 10 13 14 -1 6 10 12 -1 14 -1 5 8 -1 8 -1 4 5 6 11 -1
529 8 -1 0 -1 10 -1 4 9 11 14 -1 2 -1 0 12 13 -1 2 3 5 11 -1 9 -1 13 14 -1 2 -1 3 -1 4 -1 9 11 -1 10 14 -1
530 3 -1 0 -1 9 -1 6 8 -1 8 -1 4 -1 8 -1 8 14 -1 8 14 -1 7 -1 4 -1 1 2 -1 14 -1 1 10 -1 1 -1 1 -1 9 12 -1 10 -1 11 14 -1 8 -1
531 11 -1 6 7 13 -1 1 -1 4 -1 13 14 -1 2 -1 14 -1 5 -1 9 13 -1 5 10 12 -1 1 4 -1 3 -1 2 11 -1 3 -1 9 10 -1 11 -1
532 12 13 -1 13 -1 4 14 -1 0 7 12 13 -1
533 9 -1 4 -1 2 -1 12 -1 1 -1 12 -1 9 -1 6 -1 12 -1 12 -1
534 7 10 11 -1 8 -1 6 -1
535 0 -1 11 -1 2 10 -1 6 13 14 -1 6 14 -1 5 13 -1 5 -1 1 -1 13 -1 2 -1
536 3 11 14 -1 1 13 -1 6 10 13 14 -1 12 13 -1 2 14 -1 11 -1 11 -1 3 -1 6 -1 0 -1 1 -1 14 -1 14 -1 7 -1 9 10 -1 9 -1
537 7 10 14 -1 1 7 9 -1 8 -1
538 11 12 14 -1 2 -1 1 -1 6 8 -1 12 -1 14 -1 10 13 -1 9 14 -1 8 13 14 -1 12 -1 9 11 -1 2 -1
539 5 11 14 -1
540 13 -1 1 -1 14 -1 9 -1 8 13 -1 10 11 12 13 14 -1 8 9 11 -1 4 9 -1
541 13 -1 11 12 -1 12 14 -1 14 -1 12 14 -1 4 12 -1
542 9 -1 8 12 13 -1 12 -1 0 9 12 -1 5 11 -1 2 6 9 10 11 -1 11 12 14 -1 14 -1 0 -1 10 -1 14 -1 14 -1
543 12 -1 8 -1 11 14 -1 13 14 -1 12 -1
544 4 8 -1 13 14 -1 3 9 -1 3 -1 5 -1 7 10 14 -1 13 14 -1 6 -1 11 -1 14 -1 9 -1 11 14 -1 8 10 13 -1 9 11 -1 2 -1
545 1 3 12 -1 8 -1 3 9 -1
546 6 -1 7 -1 9 -1 0 8 13 -1 11 -1
547 6 -1 13 14 -1 8 12 -1 1 -1 0 10 12 13 14 -1 13 -1 14 -1 9 -1 13 -1 3 4 -1 13 -1 2 -1
548 8 9 -1 11 -1 9 -1 5 -1 5 9 -1 5 11 14 -1 10 13 14 -1 3 -1 11 -1 13 -1 4 11 -1 4 11 13 -1 3 -1 9 14 -1 7 -1 11 -1 0 3 -1
549 4 -1 12 13 14 -1 1 -1 5 -1 2 3 7 -1 2 13 14 -1 4 5 -1 6 7 -1 5 11 12 -1 9 -1 13 14 -1 2 8 9 -1
550 13 -1 11 -1 11 -1 5 -1 12 14 -1 0 -1 1 -1 12 14 -1 14 -1 3 -1 11 -1 0 -1 3 -1 4 -1 3 10 -1 2 3 -1 5 9 -1
551 8 -1 8 -1 2 7 9 -1 2 14 -1 3 -1 4 -1 4 11 12 -1 3 4 -1
552 9 -1 2 3 13 -1
553 12 14 -1 3 4 -1 2 10 -1
554 3 -1 6 -1 2 4 8 -1 10 -1 6 7 14 -1 5 -1 9 -1 8 -1 10 13 14 -1 12 13 -1 5 13 14 -1 13 14 -1 4 -1 6 7 -1
555 7 12 -1 6 12 -1 2 -1 5 8 12 -1 5 -1
556 0 14 -1 12 -1 9 14 -1 7 12 14 -1 7 8 14 -1 10 12 -1
557 5 -1 1 -1 5 11 -1 14 -1
558 3 6 -1 6 -1 7 -1 9 -1 2 9 -1 14 -1 2 11 12 13 14 -1 11 -1 2 -1 8 -1 1 -1 14 -1 2 -1 12 -1 2 9 -1
559 2 -1 0 -1 8 -1
560 7 11 -1 12 -1 10 12 -1 12 -1
561 8 14 -1 4 -1 2 7 -1 6 8 -1 1 -1
562 9 -1 5 -1
563 14 -1 14 -1 12 13 14 -1 12 -1 12 13 14 -1 2 6 -1 7 13 14 -1 11 13 14 -1 8 10 14 -1 0 4 5 7 -1 3 13 -1
564 8 -1 2 -1 9 11 -1 12 -1
565 3 10 -1 3 13 -1 7 -1 1 -1 9 -1 12 -1 11 -1
566 1 -1
567 5 -1 14 -1 8 12 13 -1 11 -1 7 12 13 -1 3 -1 4 -1 3 12 -1 4 14 -1 10 11 13 -1
568 2 8 -1 12 14 -1 2 -1 5 -1 14 -1 0 10 -1 3 -1 13 -1 7 14 -1 14 -1 2 12 -1 11 -1
569 13 14 -1 6 -1 9 -1 4 -1 8 10 -1 1 -1 10 12 13 14 -1 4 -1
570 6 12 -1 5 10 12 13 -1
571 8 -1 13 14 -1 14 -1 1 -1 8 -1 4 -1 11 13 14 -1 7 -1 7 -1 10 -1
572 12 13 -1
573 1 -1 4 -1 9 -1 6 12 14 -1 14 -1
574 9 -1 8 10 11 12 -1 8 12 14 -1 14 -1 1 12 14 -1 5 -1 6 12 14 -1 1 3 -1 12 13 -1 5 6 12 14 -1
575 14 -1 1 -1 12 14 -1 8 14 -1 3 7 -1
576 4 8 -1 0 4 6 7 8 12 -1 6 -1 11 -1 14 -1 9 -1 2 14 -1 8 13 -1 10 -1
577 14 -1 10 12 -1 0 -1 4 7 -1 9 13 -1 3 6 -1
578 14 -1 3 12 -1 2 -1
579 12 14 -1 10 14 -1 1 -1 9 13 -1 9 14 -1 1 13 14 -1 6 -1 12 -1 7 10 13 -1
580 1 -1 4 -1 6 -1 2 -1 2 -1 2 7 10 11 12 -1 9 11 12 -1 12 -1 7 -1 2 5 11 -1 6 -1
581 5 13 -1 5 -1 7 -1 2 14 -1 12 -1 8 -1
582 5 -1 13 14 -1 1 11 13 14 -1 9 12 -1 11 14 -1 1 10 13 14 -1 12 -1
583 5 14 -1 12 -1 2 8 11 14 -1 7 9 14 -1 12 14 -1 12 -1 1 -1 14 -1
584 11 -1 9 13 -1 8 11 13 -1
585 7 13 14 -1 10 -1 8 -1 1 14 -1 1 -1 3 7 8 -1 8 9 -1 8 13 14 -1 4 -1 1 -1 7 11 12 -1 7 -1 2 -1
586 12 -1 6 11 12 -1 0 -1 0 13 -1 4 -1 7 12 -1 0 -1 2 8 -1 11 -1 7 -1
587 13 -1 1 3 -1 8 12 14 -1 5 -1 7 -1 4 7 -1 7 13 -1 1 -1 4 14 -1 12 14 -1 6 -1 12 -1
588 3 -1 1 -1 4 13 -1 4 -1 12 14 -1 2 3 -1 12 13 14 -1 4 -1
589 14 -1 3 11 -1 11 13 14 -1 11 14 -1 3 -1 4 -1 12 14 -1 0 -1 12 -1 12 13 -1 7 -1 8 -1
590 4 11 12 -1 10 13 14 -1 10 -1 4 5 -1 1 8 -1 12 -1
591 2 -1 4 -1 0 -1 14 -1 11 -1 2 12 -1 12 -1 6 -1
592 6 -1 8 10 13 14 -1 9 -1 8 10 13 -1 10 -1 8 11 14 -1 6 9 13 14 -1 4 -1 9 -1
593 12 -1 7 8 -1 6 14 -1 0 -1 5 12 -1 3 5 -1
594 10 12 14 -1 8 -1 5 -1 2 12 13 14 -1 5 13 14 -1 8 10 14 -1 8 9 -1
595 13 -1 8 -1 13 -1 14 -1 9 14 -1 0 6 -1 7 8 14 -1 11 -1 9 14 -1 8 11 -1 9 11 -1
596 8 12 14 -1 5 -1 4 -1 10 12 -1 5 8 -1 1 -1 2 8 14 -1 11 -1 4 -1 10 -1 1 6 12 14 -1 0 -1
597 7 9 12 -1 6 -1 0 12 14 -1 4 5 14 -1
598 12 -1 13 14 -1 12 -1 6 -1 12 -1 8 -1 11 -1
599 2 13 14 -1 5 -1
600 7 9 11 -1 2 8 -1 13 14 -1 12 -1 0 -1 8 13 14 -1 6 12 -1 14 -1 5 -1 10 -1 10 -1 8 14 -1 1 5 -1 12 -1 13 14 -1 12 13 -1 1 13 -1
601 7 -1 6 10 13 14 -1 1 -1 1 -1 3 13 -1 6 -1 7 -1 0 -1 1 12 -1 7 -1 5 12 -1
602 11 12 -1 12 -1 12 -1 1 -1 14 -1 10 12 14 -1 14 -1 3 -1 5 -1 3 8 -1 6 7 9 12 -1 7 -1 5 14 -1 12 -1 12 -1 9 -1 7 -1 10 -1
603 6 14 -1 4 9 13 -1 7 12 -1 8 11 12 -1 0 2 10 12 14 -1 13 -1 4 -1 5 7 14 -1 2 11 14 -1 5 -1 3 -1 4 -1 1 2 -1
604 7 11 -1 11 -1 8 -1 13 14 -1 2 6 -1 1 10 -1 6 -1 8 13 14 -1 14 -1 7 13 -1
605 1 9 13 14 -1 9 11 -1 9 11 14 -1 13 -1 10 13 14 -1 11 -1 10 -1 7 9 10 -1
606 3 13 -1 0 -1 3 12 -1 2 5 -1 10 -1
607 11 -1 0 14 -1 2 13 -1
608 13 14 -1 2 9 11 -1 1 -1 12 13 14 -1 12 14 -1 8 14 -1 4 14 -1 10 14 -1 6 12 -1
609 12 14 -1 12 14 -1 12 13 14 -1 2 -1 2 13 14 -1 8 12 -1 5 6 -1 4 6 13 -1 5 -1 10 12 13 -1 3 6 -1 12 13 -1 8 12 -1 14 -1
610 13 14 -1 11 13 -1 9 -1
611 0 4 8 -1 3 6 13 -1 1 -1 8 -1 9 11 13 -1 10 11 12 -1 8 12 14 -1
612 4 -1 1 9 14 -1 6 -1 3 9 11 -1 5 7 14 -1 12 13 14 -1 2 11 14 -1 10 14 -1 7 8 14 -1 4 -1
613 7 8 12 -1 7 -1 5 10 -1 10 12 -1 4 11 14 -1 0 -1
614 10 -1 10 12 13 -1 3 -1 6 14 -1 14 -1 5 9 12 13 -1 0 -1 4 7 -1 13 14 -1 6 -1 5 -1 12 13 -1 14 -1 5 -1 1 -1 9 11 -1 14 -1 9 -1 2 -1
615 4 -1 1 -1 4 14 -1 1 9 -1 5 -1 6 -1 9 10 12 -1 13 14 -1 7 -1 7 12 -1 11 14 -1 9 -1 13 -1 11 13 14 -1 10 -1 0 -1 9 13 -1
616 11 13 -1 8 -1 2 12 14 -1 9 -1 10 -1 10 -1 4 14 -1 12 -1 12 -1
617 0 -1 11 -1
618 6 10 -1 5 -1 1 9 13 14 -1 8 9 12 -1 9 -1 10 13 -1 13 14 -1 1 12 -1 3 9 -1 1 3 -1 0 -1 6 14 -1 14 -1 1 8 13 14 -1
619 0 -1 10 -1 14 -1 5 11 13 14 -1 4 6 -1 1 14 -1 5 -1 7 -1 7 -1 0 14 -1 6 13 14 -1 12 -1 6 -1 13 14 -1 1 12 13 14 -1 3 -1 13 -1
620 14 -1 10 13 -1 4 -1 3 6 11 -1 9 -1 9 10 13 14 -1 7 -1 11 12 14 -1 5 -1 5 13 -1 10 -1 4 6 8 9 -1
621 9 -1 7 11 12 14 -1 0 5 11 -1 10 -1 3 6 14 -1
622 7 14 -1 5 -1 11 -1 5 13 -1 14 -1 5 14 -1 8 -1 2 7 -1 10 -1 7 8 11 14 -1 1 13 14 -1
623 13 -1 4 -1 0 -1 14 -1 5 -1 9 -1 5 11 14 -1 13 -1 3 -1 12 13 -1
624 8 13 14 -1 7 -1 12 -1 0 1 12 13 14 -1 5 -1
625 11 -1 14 -1 6 -1 14 -1 11 12 -1 0 -1 11 12 -1 14 -1 7 -1 0 4 11 -1 5 14 -1
626 9 -1 6 11 13 14 -1
627 12 -1 0 -1 4 14 -1 5 -1 4 -1 14 -1 12 -1 13 -1 14 -1 3 5 -1 8 9 13 -1 7 14 -1 11 12 13 -1 6 -1 4 9 -1
628 13 14 -1 6 -1 6 11 13 14 -1 7 -1 6 -1 8 13 -1 0 1 -1 6 14 -1 0 11 12 -1 6 -1 0 -1
629 7 -1 7 12 13 -1
630 3 -1 9 -1 3 -1 3 12 14 -1 5 11 13 14 -1 10 13 -1 5 14 -1 5 -1 13 14 -1
631 6 8 11 -1 7 12 -1 3 14 -1 0 -1 4 11 12 -1 14 -1 10 13 -1 1 -1 11 -1
632 8 -1 2 -1 4 9 12 -1 4 -1 13 14 -1 3 14 -1 5 -1 7 14 -1
633 12 -1 14 -1 0 12 -1 14 -1 11 12 -1 3 -1 13 14 -1 9 -1 1 -1 4 6 -1 10 12 -1 10 14 -1 2 -1 11 -1 3 12 13 14 -1
634 7 12 14 -1 2 -1 11 14 -1
635 6 9 10 12 13 -1 9 -1 10 11 -1
636 2 10 12 -1 10 -1 13 14 -1 9 14 -1 0 -1 11 13 -1 2 10 14 -1 2 9 10 11 14 -1 7 11 -1
637 5 6 11 -1 12 13 14 -1 3 -1 2 -1 4 10 12 14 -1
638 7 8 -1 11 12 14 -1 9 13 14 -1 3 12 -1 4 5 13 14 -1 4 -1 3 7 11 12 -1 2 -1 7 -1 1 6 10 12 -1
639 14 -1 3 6 10 -1
640 1 4 14 -1 9 -1 13 14 -1 10 13 14 -1 5 10 14 -1 4 11 -1 3 14 -1 2 -1 7 9 -1 10 12 -1 9 -1 11 -1 13 -1 13 -1 2 -1 13 -1
641 0 3 13 14 -1 14 -1 6 14 -1 14 -1 0 -1 10 13 -1 3 7 -1 12 14 -1 4 -1 6 -1 5 11 -1 8 -1 8 -1
642 2 5 11 14 -1 10 -1 7 -1 2 -1 4 7 -1 12 -1 4 7 10 -1 2 -1 7 14 -1 12 -1 13 -1 8 14 -1 10 -1 9 -1
643 5 12 -1 9 -1 6 11 14 -1 14 -1 5 10 13 14 -1 10 -1 6 -1 9 10 14 -1 9 14 -1 4 -1 14 -1 9 -1 8 13 14 -1
644 11 -1 11 12 13 14 -1 2 -1 6 11 -1 3 4 14 -1 2 -1
645 3 5 10 -1 14 -1 0 -1
646 6 -1 6 13 -1
647 11 12 13 -1 0 4 -1 1 -1 8 -1 7 10 14 -1 5 14 -1 1 2 -1 7 11 13 -1 8 -1 14 -1 14 -1 3 4 14 -1 11 -1
648 11 13 14 -1 0 2 -1 7 9 11 -1 0 -1 10 13 -1 2 11 13 14 -1 3 10 -1 0 -1
649 7 12 13 14 -1 7 -1 11 14 -1 11 13 -1 1 6 7 -1 14 -1 6 -1 2 9 14 -1 11 -1 1 9 -1 4 5 -1 6 12 -1
650 0 -1 9 13 14 -1 3 -1
651 7 9 10 -1 12 13 14 -1 3 -1 6 -1 0 -1 10 -1 10 -1 10 13 -1 2 -1 12 13 14 -1 2 6 -1 11 -1 10 -1 2 7 -1 12 14 -1 6 -1
652 4 -1 12 -1 4 11 -1 7 -1 0 -1 4 10 12 -1 11 -1 2 12 14 -1 11 12 14 -1 11 -1 10 -1 1 7 -1
653 8 12 13 14 -1 10 11 12 -1 9 12 -1 7 -1 1 12 13 -1 6 -1 8 -1 12 14 -1
654 3 -1 13 -1 12 13 14 -1 1 -1 12 -1 12 -1 13 -1 6 -1 10 -1 14 -1 9 12 13 14 -1 3 -1 5 -1 8 9 11 -1
655 5 -1 13 -1 11 -1 2 5 13 14 -1 4 -1 14 -1 11 13 14 -1 12 14 -1 1 2 -1 10 13 -1 14 -1 5 -1 11 -1
656 8 14 -1 1 -1 7 9 13 -1 12 -1 12 13 14 -1 7 -1 13 -1
657 12 -1 2 -1 0 -1 7 11 -1 11 -1 12 14 -1 5 6 13 -1 14 -1 8 -1 6 -1 10 12 14 -1 7 12 13 -1 4 9 10 -1 1 7 -1 7 -1 11 13 -1
658 6 8 11 13 14 -1 5 11 -1 0 13 14 -1 12 13 -1 14 -1 3 -1 10 12 -1
659 7 -1 13 14 -1 11 14 -1 8 10 11 -1
660 5 -1 8 14 -1 14 -1 0 -1 10 11 13 14 -1 11 13 14 -1 11 13 14 -1 8 -1 13 14 -1 13 -1 3 13 -1 13 -1 7 -1 5 6 -1
661 9 -1 14 -1 8 -1 2 -1 5 -1 13 14 -1 3 -1 3 7 14 -1 3 -1 5 12 14 -1 6 -1 4 11 -1 6 7 -1 13 14 -1 6 10 12 14 -1 2 -1
662 2 5 -1 9 12 14 -1 9 -1 12 -1 5 -1 5 7 -1 0 2 -1 10 -1
663 0 9 11 14 -1 7 14 -1 13 14 -1 2 13 -1 14 -1 4 6 -1
664 2 -1
665 1 4 7 -1 10 -1 0 -1 13 -1
666 5 12 -1 7 12 13 -1
667 11 -1 0 1 -1 3 7 -1
668 9 -1 2 4 -1 1 -1 2 -1 7 -1 13 14 -1 13 14 -1 10 12 14 -1 2 8 -1 8 12 13 -1 3 13 -1
669 3 -1 8 13 -1 14 -1 8 -1 8 13 14 -1 6 11 12 13 14 -1 12 -1 9 10 -1 14 -1 1 -1
670 10 11 -1 1 2 -1 2 -1
671 2 -1 0 7 -1 11 12 14 -1 3 -1 4 8 -1 13 14 -1 1 12 -1 6 12 -1 13 -1 13 -1
672 11 -1 2 -1 6 -1 11 14 -1 9 -1 1 -1 2 4 5 6 -1 4 8 -1 12 -1 13 -1 1 -1 3 8 11 13 14 -1 3 -1 14 -1 9 -1 12 -1 1 -1
673 1 -1 1 6 11 13 14 -1 3 4 -1 10 -1 10 -1 13 -1
674 13 -1 10 11 12 -1 11 12 13 -1 0 9 12 14 -1 2 -1 5 14 -1 11 -1 9 -1 11 12 -1 12 13 14 -1 10 -1 3 -1 2 -1
675 12 13 -1 3 -1 13 -1 3 -1
676 2 -1 10 14 -1 7 -1 3 -1 14 -1
677 4 -1 5 -1 11 -1 11 12 -1
678 3 4 -1 9 14 -1 1 6 8 -1 5 13 -1
679 3 4 -1 12 -1 11 -1 8 11 -1 0 -1 3 -1 11 13 14 -1 0 5 14 -1 10 -1 2 -1 8 -1
680 9 14 -1 4 -1 1 -1 2 -1 0 4 8 10 11 -1 10 -1 4 7 11 14 -1 12 -1
681 7 -1 12 -1 9 11 14 -1 8 -1 4 11 14 -1 13 -1 1 -1 6 11 14 -1 14 -1 7 -1 14 -1 5 12 13 -1 10 -1 4 13 -1 14 -1 2 8 -1 6 -1
682 4 8 9 -1 3 6 7 10 12 14 -1 3 -1 10 13 14 -1 8 -1 0 6 11 -1
683 0 -1 1 -1 1 -1 10 -1 4 8 -1 0 -1 11 13 -1 3 5 -1 0 -1 9 10 -1 0 -1 13 14 -1 6 -1 6 -1 2 13 -1 1 6 13 14 -1 9 -1
684 6 7 -1 0 1 -1 1 3 -1 9 -1 3 -1 1 -1
685 3 -1 2 -1 1 14 -1 7 -1 7 13 -1 2 9 -1 14 -1 7 12 -1 0 -1 5 9 14 -1 6 7 9 -1 14 -1 6 -1
686 6 -1 12 14 -1 7 -1 5 6 -1 9 11 13 14 -1
687 13 -1 12 -1 11 -1 12 14 -1 10 13 -1 3 -1 11 12 -1
688 12 -1 0 -1 6 -1 1 -1 8 -1 13 -1 4 -1
689 7 -1 1 -1 7 -1 3 7 -1 13 -1 1 8 -1 13 -1 3 -1 11 13 -1 13 14 -1 10 14 -1 0 3 10 -1 2 8 -1 12 13 14 -1 12 13 -1 12 13 -1
690 7 14 -1 7 -1
691 5 7 -1 4 8 -1 6 13 -1 5 13 14 -1 12 -1 6 -1 14 -1
692 0 -1 7 -1 2 3 14 -1 12 13 14 -1 6 -1 8 12 13 -1 4 11 13 14 -1 2 10 14 -1 2 -1 14 -1 1 -1
693 5 -1 11 13 14 -1
694 7 -1 9 -1 8 12 13 -1 6 8 -1 7 -1 6 9 -1 10 11 14 -1 7 -1
695 2 12 13 -1 1 -1 13 -1 7 13 -1 9 14 -1
696 10 -1 11 -1 5 -1 7 12 13 -1
697 3 9 13 14 -1 13 14 -1 1 8 13 -1 5 11 14 -1 12 -1
698 13 -1 13 14 -1 12 -1 5 -1 4 10 14 -1 5 -1 11 14 -1 13 14 -1 9 -1 3 -1 4 -1 2 7 9 10 12 14 -1 12 -1 11 -1 10 -1
699 4 -1 9 -1 4 8 14 -1 3 -1 1 13 -1 12 -1 8 14 -1 3 13 14 -1 4 -1 8 -1 10 -1 8 -1 13 14 -1 9 12 -1 11 -1 7 -1 8 -1 8 -1 7 -1 5 14 -1
700 6 12 14 -1 9 10 -1 8 -1 13 14 -1 12 -1 2 13 14 -1 3 -1 4 -1 6 -1 11 12 -1 12 13 14 -1 4 -1 13 14 -1 3 -1
701 1 -1 6 -1 12 -1 2 -1
702 8 13 14 -1 14 -1
703 13 14 -1 7 -1 12 13 14 -1 14 -1 14 -1 3 -1 4 -1 7 -1 0 14 -1 4 -1 4 7 -1 11 -1 6 -1
704 13 14 -1 2 3 6 12 14 -1 2 8 12 13 -1 10 -1 4 -1 12 -1
705 8 -1 5 10 11 13 14 -1 10 -1 13 -1 5 14 -1 8 -1 1 -1 1 -1 10 -1 1 -1 12 -1 4 -1 1 3 -1 13 -1 8 11 14 -1 1 -1 1 -1 13 14 -1 10 -1
706 8 14 -1 11 -1 3 -1 0 4 -1 12 -1 12 -1 14 -1 13 14 -1 4 10 11 -1 1 4 12 14 -1 4 7 -1
707 14 -1 7 13 -1 6 -1 14 -1 1 -1 3 -1 0 -1
708 3 12 -1 4 12 -1 13 14 -1 0 4 -1 7 -1 3 11 13 14 -1 0 -1 10 -1 13 -1 1 4 14 -1 9 -1 1 -1 14 -1 10 -1
709 12 -1 9 14 -1 6 12 -1
710 12 -1 10 -1 10 14 -1 11 -1 12 13 -1 6 -1 5 -1 8 -1 1 -1 10 12 13 -1
711 14 -1 5 -1
712 8 14 -1 13 14 -1 10 -1 7 -1 12 -1 8 10 -1 10 -1 11 -1 12 14 -1 5 -1
713 4 12 -1 14 -1 1 -1 14 -1 12 13 14 -1 5 7 9 -1 1 3 -1 12 -1 11 12 -1 12 13 -1 10 14 -1 5 -1 11 12 -1 2 9 -1 3 -1
714 0 10 12 14 -1 7 13 14 -1 10 -1 1 3 -1
715 5 13 -1 14 -1 7 9 11 -1 10 11 -1 12 14 -1 0 2 7 9 -1 3 -1 1 -1 10 -1 2 4 8 -1 9 -1 0 -1 9 14 -1 8 -1
716 11 -1 5 -1 14 -1 0 -1 8 -1 13 14 -1 10 -1 5 -1 3 -1 8 -1 8 14 -1 13 -1 8 -1
717 6 -1 2 10 -1 9 -1 3 -1 2 6 10 13 -1 12 -1 5 8 -1 2 12 -1
718 6 -1 5 -1 7 11 -1 11 -1 10 11 -1 2 -1 12 14 -1 5 -1 10 -1 13 14 -1 14 -1 6 12 14 -1 6 -1 6 -1
719 2 8 -1 12 14 -1 10 11 13 14 -1 2 6 -1 13 14 -1 6 12 13 14 -1 7 -1 4 -1
720 10 14 -1 13 14 -1 6 8 -1 3 5 -1 5 9 -1 6 -1 1 13 -1 4 8 9 -1 6 12 -1 13 -1 10 -1
721 5 14 -1 3 -1 12 -1 8 -1 3 9 -1 10 13 14 -1
722 6 11 -1 5 10 11 -1 7 -1 4 -1 10 12 13 -1 7 13 -1 1 7 -1 9 -1
723 9 -1 13 -1 6 -1 12 14 -1 10 11 14 -1 3 -1 0 8 12 -1 5 -1 1 -1 2 -1 3 -1
724 3 7 -1 1 13 14 -1 5 -1 7 -1 12 13 -1 8 -1 6 -1 0 -1 12 -1 7 -1 11 13 14 -1 7 -1 1 4 -1 13 14 -1 8 -1 10 -1
725 11 13 -1
726 9 -1 3 -1
727 9 12 13 14 -1 4 14 -1 3 12 14 -1 12 14 -1 11 13 14 -1 11 -1 9 12 -1 3 5 10 14 -1 3 -1
728 7 13 -1 6 -1 10 -1
729 2 -1 9 -1 9 -1 10 11 14 -1 0 -1 10 -1 7 11 -1 14 -1 7 -1 14 -1 1 8 -1 6 14 -1 10 11 14 -1 7 -1 1 -1 5 -1 2 -1 2 -1 9 13 -1 3 13 -1
730 10 11 12 -1 12 14 -1 3 13 -1 10 -1 3 -1 5 11 -1
731 2 9 -1 7 8 -1 10 -1 11 -1 14 -1 6 9 -1 1 -1 8 13 14 -1 1 4 6 8 -1 11 -1 12 -1 4 12 -1 0 -1 1 -1 9 -1
732 0 -1 0 -1 10 13 14 -1 6 -1 0 -1 1 -1 8 12 -1 13 -1 1 14 -1 9 13 -1 13 -1 8 -1 5 -1 11 -1 11 -1 11 14 -1 5 12 14 -1 6 12 -1 0 -1
733 7 9 -1 13 14 -1 0 -1 0 7 9 -1 11 -1 9 -1 9 -1 11 -1
734 10 11 12 13 -1 5 -1 4 13 -1 2 8 -1 9 10 -1 4 -1
735 7 -1 12 13 14 -1 12 14 -1 6 10 11 12 -1 8 -1 12 14 -1 2 3 -1 8 14 -1
736 10 12 -1 13 14 -1 4 -1 10 11 14 -1 1 -1 0 3 -1 3 5 9 13 -1
737 14 -1 1 -1 0 -1 2 4 12 14 -1 0 9 11 14 -1 2 -1 9 -1 6 -1 2 3 -1 12 14 -1 1 5 -1
738 3 5 -1 5 -1
739 12 13 14 -1 1 14 -1 6 8 13 -1 10 -1 3 6 -1 11 -1
740 7 11 12 14 -1 6 -1
741 3 6 -1 4 -1 11 -1 3 -1 9 13 -1 14 -1 8 -1 14 -1 8 12 -1 14 -1 9 -1 2 -1 7 -1 8 11 -1 12 13 -1 13 14 -1 14 -1 10 -1
742 5 -1 5 7 -1 10 11 -1 7 -1 3 -1 11 -1
743 6 -1 13 14 -1 7 12 -1 3 -1 2 3 -1 11 -1 8 11 13 -1 7 -1 2 3 -1 8 -1 12 -1 6 10 13 -1 5 -1 14 -1 3 14 -1
744 9 12 13 14 -1 4 11 -1 13 -1 0 7 12 14 -1 14 -1 1 -1 0 13 -1 11 14 -1 3 9 13 14 -1 11 -1 6 -1 9 -1 4 13 -1
745 0 11 13 -1 2 -1 9 11 12 13 14 -1 7 9 13 -1 4 -1 6 -1 12 14 -1 0 8 9 12 -1 10 -1 3 -1 6 -1 14 -1 0 14 -1 9 12 -1 12 -1
746 9 13 -1 14 -1 1 10 -1
747 9 13 14 -1 7 -1 2 -1 4 8 -1 14 -1 2 -1 13 14 -1 7 -1 11 12 -1 4 -1
748 1 9 -1 0 -1 11 12 14 -1 14 -1 7 9 14 -1 14 -1 4 -1 10 13 -1
749 3 -1 13 14 -1 0 7 -1 6 9 11 14 -1 1 -1 9 13 -1 9 10 14 -1 9 10 13 14 -1 8 9 -1 2 -1 0 14 -1 10 -1 12 13 -1
750 6 -1 11 -1 1 -1 3 14 -1 13 -1 4 -1 13 14 -1 11 12 14 -1 0 13 14 -1 7 8 -1 3 6 -1 5 14 -1
751 2 -1 12 13 -1 12 -1
752 9 -1
753 10 12 -1 13 14 -1 4 -1 7 -1 3 7 -1 2 -1 8 13 14 -1 0 1 3 6 10 -1 0 2 -1 3 -1 0 -1
754 14 -1 11 14 -1 11 -1 1 7 13 -1 11 -1 5 7 -1 8 11 -1 6 13 14 -1 2 13 14 -1 2 12 13 -1 2 -1 10 13 -1 11 -1 8 -1
755 0 13 14 -1 14 -1 5 -1
756 10 11 -1 2 4 -1
757 14 -1 12 -1
758 3 -1 14 -1 13 14 -1 5 7 -1 6 13 -1 11 12 13 -1 8 -1 7 13 -1 9 12 14 -1 2 3 -1 0 -1
759 8 13 -1 4 7 10 13 -1 10 -1 2 11 -1 5 -1 3 -1 11 14 -1 11 13 14 -1 11 13 -1 3 12 14 -1 0 -1
760 9 10 11 -1
761 10 14 -1 10 12 13 14 -1 13 14 -1 6 12 14 -1 4 -1 6 11 -1 11 13 14 -1 7 13 14 -1 6 -1 11 -1 8 -1
762 7 8 12 14 -1 6 -1 14 -1 4 -1 6 10 14 -1 7 12 14 -1 14 -1 0 -1 14 -1 12 -1 6 -1 4 -1 12 13 -1 7 9 -1 0 -1 7 -1
763 1 4 -1 13 14 -1 9 12 14 -1 12 -1 8 9 14 -1 7 -1 9 12 13 -1
764 0 8 13 14 -1 12 13 -1 6 -1 7 -1 3 -1 11 12 14 -1 3 -1
765 6 14 -1 7 9 10 13 14 -1 2 -1 3 -1 9 -1 4 -1 7 -1 11 -1 8 14 -1 0 -1
766 5 -1 11 12 -1
767 12 14 -1 4 -1 9 -1 8 14 -1 3 -1 4 -1 8 -1 10 12 -1 8 11 13 -1
768 9 11 13 14 -1 14 -1 7 -1 1 -1 9 10 12 13 14 -1 3 -1 1 10 14 -1 4 -1 10 13 -1 11 -1 12 13 -1 14 -1 0 13 -1 9 -1
769 10 -1 10 -1 0 -1 9 11 -1
770 11 12 -1 14 -1 13 -1 0 -1 8 -1 4 -1 9 -1
771 3 10 -1
772 1 -1 7 -1 1 -1 5 -1
773 10 13 -1 12 -1 9 10 -1 1 -1
774 7 13 14 -1
775 9 14 -1 5 -1 0 -1 8 -1 14 -1 11 -1 11 -1 4 -1 1 3 13 -1 14 -1 0 -1 13 14 -1 6 -1 6 -1 13 -1 14 -1 13 -1 13 -1 6 10 -1
776 4 -1 8 -1
777 11 -1 13 -1 4 -1 11 -1 14 -1 5 11 13 14 -1 13 14 -1
778 3 8 11 14 -1 3 -1 5 -1 10 11 -1 13 -1 14 -1 13 14 -1 7 -1
779 5 6 14 -1
780 7 11 14 -1
781 5 9 10 11 13 14 -1 4 10 -1 9 -1 0 6 -1 0 3 14 -1 0 -1 9 10 14 -1 11 -1 13 -1 13 14 -1 1 -1 8 12 -1 3 -1
782 11 14 -1 5 8 -1 13 14 -1 6 -1 13 14 -1 1 -1 5 11 14 -1 2 -1 11 12 -1 13 -1 11 -1 12 -1 13 14 -1 14 -1 14 -1
783 9 -1 9 -1 4 9 -1 13 14 -1 7 12 13 14 -1 4 -1 1 11 -1 7 14 -1 11 13 14 -1
784 14 -1 11 13 -1 11 14 -1 10 -1 3 -1 13 -1 4 12 14 -1 4 -1 7 14 -1 10 13 -1 4 5 -1 11 14 -1 2 14 -1 0 13 -1
785 8 -1 9 -1 1 -1 6 8 -1 1 4 10 -1 10 11 -1 10 12 13 -1 12 14 -1 6 -1
786 0 13 14 -1 3 4 -1 10 -1 10 13 -1 2 -1 12 -1 13 -1 0 -1 9 14 -1 14 -1
787 8 10 13 -1 5 -1 12 -1 5 11 13 -1 14 -1 0 -1 6 -1 4 9 -1 2 14 -1 4 -1 14 -1 5 7 12 14 -1
788 2 9 11 -1
789 11 -1 5 11 -1 12 -1 6 12 14 -1 13 14 -1 2 -1 14 -1 10 -1 4 8 13 14 -1 9 -1 4 -1 12 -1 3 -1 4 10 -1 0 8 -1 3 14 -1 0 -1 1 -1
790 2 -1 13 -1 7 9 -1 5 -1 6 12 -1 8 11 13 -1 13 -1 0 -1 12 13 -1
791 4 -1 13 -1 9 -1 10 12 -1 2 13 -1 9 11 13 14 -1 11 -1 6 -1 4 5 -1
792 3 -1 10 -1
793 10 -1
794 2 -1 14 -1 2 4 11 -1 14 -1 0 2 -1 0 14 -1 6 -1 13 14 -1 9 -1
795 2 -1
796 10 -1
797 10 -1 2 7 -1 6 11 -1 1 7 -1 13 -1
798 2 -1 12 -1 10 -1 2 5 10 -1 7 10 11 12 -1 0 10 -1 10 -1 9 11 13 14 -1 7 -1 12 -1 6 -1 13 14 -1 9 14 -1
799 4 5 13 -1 2 -1 9 14 -1 9 -1 4 9 -1 5 -1 12 -1 0 -1 11 14 -1 0 14 -1 3 -1 11 -1 13 14 -1 11 14 -1 5 -1
800 4 8 10 12 -1 0 -1 14 -1 8 10 -1 10 -1 13 14 -1 8 -1 6 9 11 -1 10 12 13 14 -1 11 -1 5 -1 5 -1 1 -1 9 -1
801 0 14 -1 6 8 -1 9 -1 8 -1 5 9 -1 12 13 14 -1 13 -1 2 -1 3 -1 5 9 13 -1 7 -1 3 -1
802 5 7 -1 13 14 -1 5 -1 7 12 -1 5 12 13 -1 5 -1 14 -1 14 -1 0 12 14 -1 9 14 -1 6 -1 8 -1 9 11 -1 3 -1 6 -1 0 12 -1 12 -1 11 -1 4 -1
803 3 7 -1 3 -1 12 14 -1 0 -1 13 -1 2 5 9 12 -1 14 -1 5 13 14 -1 1 -1 6 7 -1 7 -1 6 7 -1
804 14 -1 12 -1 13 14 -1 5 8 11 -1 3 -1 2 -1 11 -1 4 -1 9 12 -1
805 13 -1 10 -1 6 9 10 -1 10 -1 3 -1
806 13 -1 7 -1 0 -1 4 9 13 -1 10 14 -1 6 -1 6 -1 3 9 -1 6 -1
807 8 -1 14 -1
808 10 11 14 -1 1 -1 6 -1 0 -1 4 -1 10 -1 8 -1 3 -1 10 -1 4 -1 4 -1 6 9 -1 10 11 -1 14 -1 10 -1 0 6 13 -1 6 -1 8 9 10 13 14 -1
809 12 -1 4 9 13 -1 13 -1 4 6 -1 7 12 -1 14 -1 4 -1 9 -1 12 13 14 -1 12 -1 8 -1 14 -1 7 -1 12 -1
810 6 9 -1 5 -1 14 -1 8 10 -1 5 -1 10 12 13 14 -1 7 11 13 -1 6 -1 6 -1 9 -1 13 14 -1
811 11 -1 2 -1 10 12 13 14 -1 10 -1 1 -1 2 13 -1 11 -1 0 -1 10 -1 9 10 13 14 -1
812 11 14 -1 0 3 -1
813 0 5 -1 5 10 -1 7 -1
814 0 10 13 14 -1 8 -1 10 -1
815 7 -1 0 13 -1 0 -1 5 8 -1 3 -1 7 10 13 14 -1 6 7 -1 8 -1 11 12 13 14 -1 0 -1 10 14 -1 12 -1 7 -1 6 -1 10 -1 4 -1 11 -1
816 10 13 -1 6 7 14 -1 2 -1 11 -1 8 -1 9 -1 13 14 -1 0 3 -1 3 -1
817 5 14 -1 5 13 14 -1 5 -1 6 -1 3 -1 10 -1 2 13 14 -1
818 10 13 14 -1 14 -1 1 11 -1 6 -1 0 -1 8 -1
819 12 13 -1 3 -1 0 -1 2 -1 6 11 -1 11 13 -1 6 -1 6 -1
820 3 5 -1 6 10 14 -1 1 7 -1 14 -1 11 -1 2 -1 7 10 -1 0 -1 12 -1 8 -1 11 -1 2 9 11 13 -1 8 -1 7 -1 1 -1 9 -1 4 -1 4 -1
821 1 -1 12 -1 0 -1 10 13 -1 4 14 -1 9 10 -1 4 -1 9 -1 10 -1 2 3 5 10 14 -1 1 8 -1
822 1 13 -1 5 11 -1 7 10 12 -1 2 7 -1 3 10 -1 14 -1 7 -1 2 7 8 -1 9 -1 1 -1 11 -1 14 -1 12 13 -1 5 8 13 -1
823 7 -1 12 14 -1 4 -1 6 -1 2 4 5 -1 7 -1 11 14 -1 11 -1 5 13 -1 3 -1 5 -1 11 13 -1 0 -1 14 -1 8 9 11 12 -1 9 -1 0 12 -1 7 -1 6 -1
824 2 8 -1 14 -1 13 -1 10 11 12 -1 10 14 -1 13 14 -1 7 -1 12 -1 10 11 13 -1 1 -1 4 -1 10 12 -1 6 13 -1 4 -1 2 4 -1 2 -1
825 9 -1 3 10 -1 13 14 -1 13 14 -1 13 14 -1 6 9 11 -1 12 -1 7 8 -1 2 7 10 12 14 -1 5 -1 10 -1
826 6 -1 11 -1 4 10 11 13 -1 14 -1 5 -1 11 13 -1 4 -1
827 7 8 14 -1 2 -1 5 -1 2 12 14 -1 4 12 -1 2 -1 9 -1 0 -1 9 -1 1 -1 7 10 13 14 -1 6 14 -1 0 12 -1 1 -1 1 10 14 -1 6 -1
828 3 12 -1 6 -1 6 -1 1 -1 8 10 13 -1 2 -1 10 12 -1 0 -1 9 -1 3 -1
829 14 -1 2 11 14 -1 11 12 -1 13 14 -1
830 3 13 14 -1 9 -1 12 13 14 -1 11 13 14 -1 6 -1 6 -1 1 -1 11 12 -1 0 -1 11 12 13 14 -1 0 -1 8 11 -1
831 1 -1 11 -1 11 -1 0 -1 8 12 -1 4 14 -1 2 -1 11 -1 0 -1 8 -1 4 11 -1 11 12 -1 3 6 7 -1 9 13 14 -1 14 -1 0 -1 9 10 14 -1 9 -1
832 6 11 12 -1 5 -1 0 -1 1 6 9 14 -1 6 9 -1 2 -1
833 10 -1 6 10 -1
834 4 -1 2 14 -1 13 14 -1 7 -1 11 -1 1 9 11 14 -1 12 13 -1 14 -1 10 -1 13 -1
835 0 5 10 -1 10 12 -1 2 13 -1 2 -1
836 8 -1
837 1 5 7 -1 3 11 12 -1 2 5 -1 14 -1 12 13 14 -1 6 14 -1 8 -1 14 -1 14 -1 10 12 -1 6 12 13 14 -1 2 -1
838 12 13 -1 6 -1 7 14 -1 5 -1 2 -1 10 12 -1 1 7 9 11 -1 2 11 14 -1 7 9 13 14 -1 2 7 -1
839 8 14 -1 14 -1 6 14 -1 9 -1 12 -1 5 -1 6 -1
840 14 -1 7 11 -1 7 -1 5 -1 13 -1 7 -1 9 -1 0 -1 8 11 -1 14 -1 5 9 -1
841 4 -1 7 -1 11 -1
842 14 -1 9 12 -1 10 -1 12 -1 7 9 -1 0 -1 1 -1 6 -1 13 14 -1 12 14 -1 3 10 -1 11 14 -1 9 -1 8 13 14 -1 8 12 -1 6 -1
843 3 9 -1 8 10 11 14 -1 4 -1 13 14 -1 7 14 -1 5 -1 5 6 -1 4 -1 0 -1 9 -1 12 14 -1 3 5 -1 7 14 -1 12 -1
844 14 -1 6 -1 11 14 -1 10 -1 5 -1 6 9 -1 5 6 7 9 13 14 -1 13 14 -1 1 -1 4 9 13 14 -1 7 10 -1 7 -1 10 -1
845 13 -1 6 10 -1 3 -1 4 8 -1 11 -1 0 -1 8 -1 6 -1 11 -1 10 -1 10 -1 2 4 -1 2 13 -1 1 -1
846 3 10 13 14 -1 14 -1 14 -1 3 9 10 -1 3 -1 0 -1 0 10 11 -1 7 10 13 -1 10 11 -1 2 -1 0 -1 7 10 11 -1
847 6 14 -1 10 -1 11 -1 6 11 12 13 14 -1 6 11 12 -1 3 -1 5 6 -1 1 -1 12 -1 7 13 14 -1
848 0 -1 10 -1 14 -1 12 13 -1 1 -1 4 11 13 14 -1 10 -1 1 -1 5 14 -1 6 -1 8 -1 14 -1 5 13 -1 9 -1
849 7 -1 6 10 12 14 -1 2 10 -1 1 5 -1 11 -1 0 -1 9 14 -1 5 14 -1 0 1 -1 1 3 -1 13 14 -1 13 -1 0 11 12 -1 3 -1 1 -1
850 8 -1 2 11 12 -1 10 -1 6 8 -1 3 4 -1 3 -1 8 -1 6 7 -1 6 10 -1 13 -1 8 11 13 14 -1 8 10 12 14 -1 0 -1
851 3 -1 12 14 -1 5 -1 11 -1 2 12 13 -1 4 -1 13 -1 9 10 12 -1 7 14 -1 8 -1
852 0 -1 0 -1 6 12 -1 7 -1 6 -1 1 -1 14 -1 1 -1 3 4 -1
853 8 12 13 14 -1 4 11 12 -1
854 6 8 13 14 -1 11 12 14 -1 14 -1 2 -1 6 -1 3 11 12 -1 1 2 -1 14 -1 0 -1 2 10 13 -1 7 11 -1 1 11 -1 5 13 -1
855 5 -1
856 11 -1 0 2 11 14 -1 6 7 14 -1 7 -1 13 -1 0 8 12 13 14 -1 1 -1 12 -1
857 13 -1 1 -1 8 -1 4 6 -1 10 -1 6 7 -1 14 -1 2 5 -1 10 -1 2 14 -1 0 14 -1 14 -1 7 13 14 -1 8 14 -1 2 3 -1 14 -1 14 -1
858 5 -1 10 -1 4 -1
859 1 -1 5 -1 0 12 -1 1 8 12 14 -1 2 8 13 -1 9 -1 14 -1 13 -1 0 14 -1 8 -1 12 13 14 -1 6 7 -1 1 -1
860 4 11 13 -1 2 -1 6 9 -1 6 -1 3 -1 2 -1 14 -1 7 -1 5 13 14 -1 2 12 13 -1 5 11 14 -1 2 9 -1 5 7 -1 5 11 -1 0 2 -1
861 2 6 -1 6 -1 12 14 -1 0 8 -1 7 12 14 -1 7 13 -1 14 -1 3 6 -1
862 10 12 -1
863 5 -1 8 12 13 14 -1 0 5 7 -1 3 -1 4 13 14 -1 13 -1 6 12 -1 6 10 11 -1 3 -1 2 13 14 -1 7 -1 2 -1
864 4 6 9 13 -1 6 -1 1 14 -1 2 9 13 14 -1 3 13 14 -1 13 14 -1 14 -1 13 14 -1 9 -1 1 6 -1 4 -1 3 -1 7 -1 2 -1 2 12 -1 5 -1
865 8 11 -1 0 -1 14 -1 6 -1 1 -1 2 -1 10 14 -1 3 8 9 -1 14 -1 2 -1 13 -1
866 5 10 -1 8 -1 1 12 14 -1 7 -1 13 14 -1 2 -1 0 -1 12 -1 0 -1 4 -1 10 -1 4 12 14 -1 2 -1 6 -1 8 -1
867 0 -1 10 -1 8 14 -1 6 -1 11 13 -1 5 -1 0 -1 13 -1 5 14 -1
868 1 -1 2 6 -1
869 10 12 -1 2 -1 6 9 13 -1 5 13 14 -1 5 9 10 -1 2 -1 14 -1 8 -1 4 -1
870 13 -1 10 11 14 -1 2 8 -1
871 10 12 14 -1 2 4 -1 3 -1 5 7 -1 3 4 -1 10 12 14 -1 11 12 13 14 -1 5 10 -1
872 11 -1 5 -1 1 -1 10 14 -1 1 7 -1 6 -1 5 11 -1 1 4 -1
873 7 14 -1 14 -1 13 -1 5 -1 7 12 -1 5 11 -1
874 11 -1 0 -1 12 14 -1 1 3 11 -1 3 -1 10 13 -1 4 13 -1 7 -1 3 -1 2 4 14 -1 11 -1
875 10 11 14 -1 9 -1 10 12 14 -1 4 -1 3 7 -1 7 14 -1 10 14 -1 14 -1 0 -1 9 -1 2 12 -1 3 7 8 -1 0 1 7 13 14 -1
876 14 -1 12 -1
877 14 -1 12 -1 7 14 -1 6 13 -1 4 11 -1 10 12 -1 12 14 -1 0 7 -1 1 2 -1 8 -1 8 -1
878 2 4 -1 4 -1 6 -1 9 11 13 -1 14 -1 13 -1 1 -1 13 14 -1 0 6 13 -1 3 14 -1 4 11 -1 0 -1 5 -1 14 -1 7 -1
879 1 2 -1 9 -1 4 14 -1 14 -1 7 -1 1 11 -1 13 -1 10 -1 3 -1 4 8 -1 7 8 14 -1 11 12 13 -1 3 10 -1
880 14 -1 5 8 9 -1 11 12 -1 1 8 -1 4 -1 10 11 14 -1
881 8 -1 0 4 12 14 -1 10 14 -1 13 14 -1 3 -1
882 9 13 -1
883 8 12 14 -1 1 10 -1 7 9 -1 2 -1 10 -1 2 -1 12 -1 7 8 -1 1 -1 6 10 12 -1 8 -1 2 -1 8 -1 13 -1 14 -1 12 -1 5 -1 6 -1 3 -1 11 14 -1 14 -1
884 13 -1 7 9 -1 4 14 -1 0 5 -1 13 14 -1 6 -1 7 13 -1 14 -1 12 -1
885 10 -1 12 13 -1 10 -1 5 -1 4 -1 13 14 -1 0 -1 13 14 -1 1 5 -1 3 -1 8 -1 6 -1 2 10 -1 13 14 -1 6 -1
886 12 13 -1 14 -1 1 -1 5 -1 9 -1
887 14 -1 5 14 -1 10 14 -1 2 -1 8 11 -1 2 -1 4 8 12 13 14 -1 14 -1 1 2 5 10 -1 6 12 -1 1 6 8 9 -1 4 -1
888 1 -1 6 -1 8 -1 8 -1 6 -1 13 -1 0 14 -1 13 -1 4 -1
889 7 8 -1 5 -1 7 10 -1 5 13 14 -1 12 -1 13 -1 12 13 -1 4 14 -1 8 -1 10 13 14 -1 6 13 -1
890 5 8 -1 9 -1 13 14 -1 4 7 -1 9 -1 1 -1 4 6 -1
891 13 14 -1 9 10 -1 6 14 -1 10 -1 4 10 11 -1 14 -1 11 12 14 -1 11 -1
892 9 11 -1 6 14 -1 0 12 -1 12 13 -1
893 3 6 -1 0 -1 6 13 14 -1 6 8 11 -1 7 -1 11 -1 1 -1 3 10 -1 12 -1 13 14 -1 0 9 -1 11 -1 9 -1 8 -1 9 -1 12 -1 5 -1 11 -1 4 -1
894 7 9 -1 11 -1 4 7 -1 3 4 14 -1 1 4 -1 0 6 -1
895 0 11 -1 7 -1 11 -1 0 10 -1 10 -1 4 -1 7 12 13 -1 3 -1
896 7 13 -1 3 6 10 -1 0 7 -1 9 -1 4 7 13 -1 3 12 -1 0 -1 3 11 12 13 -1 10 -1 10 14 -1 6 11 14 -1 5 -1 14 -1 6 13 -1
897 11 -1 11 -1 8 12 13 -1 14 -1 3 -1 4 14 -1 14 -1 8 12 14 -1 13 14 -1 1 4 -1
898 1 11 -1 14 -1 0 -1 13 -1 13 -1
899 0 8 11 -1 0 11 -1 4 12 -1 4 -1
900 3 14 -1 14 -1 6 -1
901 0 13 -1 11 -1 11 13 14 -1 0 -1 5 -1
902 1 -1 0 2 7 8 -1 9 12 -1 13 14 -1
903 2 -1 0 10 -1 6 14 -1 11 -1 10 13 -1
904 14 -1 3 5 7 -1 8 -1 11 -1 1 -1 11 -1 9 -1 6 -1 10 13 -1 10 -1 3 -1
905 11 14 -1 13 14 -1 12 13 -1 13 14 -1 10 -1 6 -1 12 -1
906 6 14 -1 1 -1 13 -1 12 -1 3 14 -1 13 -1 7 12 -1 13 14 -1
907 13 -1 12 -1 4 -1 3 -1
908 3 -1 5 8 -1 11 -1 11 -1 11 -1 10 -1 11 13 -1
909 14 -1 1 3 6 -1 5 11 12 14 -1 13 14 -1 13 -1 3 -1 0 -1 11 -1 10 12 -1 1 -1 9 -1 14 -1 2 -1 9 -1 13 14 -1 3 -1 10 -1
910 8 -1 2 -1 4 10 11 14 -1 6 7 11 -1 2 9 -1 11 14 -1 12 -1 11 14 -1 0 -1 3 13 14 -1 14 -1 10 -1 12 -1 9 -1
911 5 -1 13 -1 3 -1 12 13 -1
912 14 -1 5 14 -1 9 13 -1 13 -1 3 8 -1 13 -1 13 14 -1 5 -1 10 -1 11 -1 11 -1 3 6 -1 3 6 -1 13 -1
913 13 -1 4 -1 6 -1 12 -1 6 -1 14 -1 8 -1 10 12 14 -1 0 12 14 -1 13 -1 11 -1 10 11 12 -1 0 10 14 -1 5 -1 4 -1
914 4 7 11 14 -1 3 12 -1 2 8 10 11 -1 13 -1
915 7 -1 0 6 12 -1 13 14 -1 1 9 -1 5 -1 0 -1 3 -1 6 -1 5 8 11 -1 3 -1 12 -1 4 9 -1 12 14 -1 2 -1 0 1 5 -1
916 9 -1 13 -1
917 5 -1 13 -1 0 -1 8 14 -1 14 -1
918 7 8 11 -1 3 -1 0 -1 12 -1 13 14 -1 14 -1 4 -1 4 -1 12 14 -1 11 -1 3 10 -1 0 -1 12 -1 6 -1 0 1 5 10 -1 5 -1 2 -1 12 -1 12 13 -1
919 6 -1 2 13 -1 5 6 13 -1 4 -1 10 14 -1 11 -1 12 -1 8 9 10 -1 11 13 -1 9 -1 7 -1
920 10 -1 14 -1 4 14 -1
921 6 -1 7 -1 6 -1 7 13 -1 9 -1
922 13 -1 13 -1 9 -1 9 13 14 -1 7 -1 12 14 -1 10 -1 7 -1 4 6 11 -1 1 7 -1
923 0 3 13 14 -1 6 -1 12 -1 0 -1 11 12 -1 12 -1 12 -1 11 13 14 -1 11 12 -1 14 -1 14 -1 8 -1 2 -1 10 12 -1 12 14 -1 6 12 14 -1 7 -1
924 14 -1 7 -1 14 -1 14 -1 3 4 12 14 -1 3 4 -1 2 -1 14 -1 10 -1 0 -1 2 -1 2 -1 6 -1 9 12 -1 12 13 -1 9 11 -1 0 12 -1 0 -1 5 11 -1 3 -1
925 4 -1 0 4 -1 14 -1 5 7 -1 8 -1 11 13 14 -1 11 -1 5 -1 12 -1 7 -1 13 -1
926 11 13 -1 10 -1 11 -1 13 -1 9 12 -1 0 6 -1 11 -1 12 -1 10 -1 1 -1
927 1 4 -1 5 6 14 -1 4 -1 7 -1 2 -1 7 -1 8 -1 8 9 13 14 -1 2 11 -1 13 -1 9 10 13 -1 13 14 -1 3 -1 9 -1 3 14 -1
928 8 -1 6 8 -1 12 13 14 -1 3 -1 0 1 8 9 -1 3 -1 4 7 14 -1 13 -1 14 -1 0 -1
929 2 -1 8 -1 9 -1 11 -1 2 8 14 -1 5 7 -1 0 6 -1 1 -1
930 2 -1 14 -1 14 -1 9 10 -1 4 -1 5 6 -1 14 -1 0 1 -1 2 3 10 -1 13 14 -1 14 -1 13 -1
931 5 -1 10 12 13 -1 7 -1 0 1 -1 12 14 -1 9 12 -1 4 -1 8 -1 8 11 -1 9 11 -1 14 -1 4 10 12 14 -1 11 12 14 -1 7 11 -1 4 -1
932 9 -1
933 5 -1 0 1 -1 1 -1
934 11 -1 4 -1 5 11 -1 14 -1 0 -1 7 -1 5 12 13 14 -1 9 -1 5 6 10 -1
935 5 -1 8 11 14 -1 2 -1 9 -1 5 -1 13 -1 3 -1 0 -1
936 14 -1 8 -1 4 12 14 -1 8 -1
937 12 -1 4 5 -1 10 14 -1 11 -1 13 -1 3 -1 8 9 -1 1 7 14 -1 4 9 -1 7 -1
938 12 -1 2 -1 9 12 13 -1 4 -1
939 3 7 -1 8 10 -1 1 -1 7 -1 14 -1 0 8 -1 6 -1 0 -1 3 12 -1
940 1 -1
941 12 14 -1 4 14 -1 7 -1 13 -1 5 -1 8 13 -1 5 11 13 -1 1 10 -1 6 -1 7 -1 6 -1 1 -1 7 -1
942 8 -1 4 -1
943 1 -1
944 3 -1 5 11 12 -1 8 -1 2 -1 11 13 14 -1 14 -1 5 -1 12 -1 3 -1 10 14 -1 1 -1 0 11 -1 2 10 14 -1
945 1 -1 6 13 14 -1 10 -1 9 13 14 -1 9 -1 0 -1 1 -1 6 7 -1 2 -1 2 -1 13 -1 8 -1 0 1 13 -1
946 1 -1 13 -1 8 12 14 -1 4 -1 14 -1 0 11 13 -1 4 -1 11 -1
947 0 -1 10 12 14 -1 9 11 -1 8 13 -1 7 -1 12 -1 13 14 -1
948 7 13 14 -1
949 6 -1 7 -1 7 9 -1 5 -1 3 -1 9 -1 0 1 -1 14 -1 3 -1 9 13 14 -1 8 -1 5 7 12 14 -1 3 6 -1
950 5 10 -1 12 -1 8 -1 11 -1 6 -1 10 -1 7 10 -1 11 12 14 -1 2 7 14 -1 1 9 11 12 -1 6 11 -1 2 -1
951 13 -1 4 -1 12 -1 3 -1 7 11 -1 4 -1 2 -1 11 -1 0 6 7 10 -1 6 -1 0 8 -1 1 7 -1 4 -1
952 11 14 -1 14 -1 9 10 -1 14 -1 0 10 -1 0 10 14 -1 13 -1 5 -1 12 -1 14 -1 2 -1 4 6 -1 2 3 10 -1 14 -1
953 3 -1 4 -1 2 5 7 -1 6 -1 11 -1 13 -1 8 -1 7 -1 4 11 -1 8 13 14 -1 1 11 13 -1 6 -1 7 -1 7 13 -1
954 6 11 -1 12 -1 9 11 -1 3 7 -1 10 13 -1
955 10 -1 2 10 11 12 -1 10 14 -1 4 -1 1 11 14 -1 5 8 -1 6 -1 13 14 -1
956 7 -1 2 -1 4 -1 14 -1 11 13 -1 8 -1
957 14 -1 14 -1 12 -1 11 13 -1 0 -1 3 -1 5 -1 11 -1 9 12 -1
958 11 14 -1 13 -1 6 12 -1 7 -1 1 -1 2 11 14 -1 14 -1 9 12 14 -1 7 8 14 -1 5 -1 10 -1 3 -1 13 -1 1 13 -1
959 10 11 13 14 -1 0 -1 11 -1 6 14 -1 3 -1 12 14 -1 10 13 14 -1 12 13 -1 13 14 -1 4 -1 12 -1 6 -1 1 11 14 -1 6 8 -1 11 13 -1
960 8 -1 10 14 -1 9 11 13 -1 10 13 -1 0 11 -1 4 14 -1 13 -1 5 -1 9 -1 5 -1 8 -1 7 -1
961 9 11 -1
962 11 13 14 -1 6 -1 3 -1 14 -1
963 3 8 -1 14 -1 9 -1 5 -1 1 14 -1 3 -1 6 13 -1 7 -1 11 -1 6 13 -1 10 -1 2 -1 12 13 14 -1 7 -1
964 0 10 -1 14 -1 1 7 -1 8 -1 3 10 -1 5 -1 5 -1 14 -1 14 -1 8 -1 6 -1 7 -1 11 -1 11 -1 6 7 -1 10 14 -1 7 14 -1 8 12 -1
965 1 -1 4 -1 0 -1 7 -1 1 12 13 -1 7 10 -1 13 -1 4 8 9 -1
966 3 4 -1 3 7 13 14 -1 14 -1
967 1 10 13 14 -1 10 -1 0 -1 7 -1 5 13 -1 6 11 13 -1 14 -1 2 8 12 13 14 -1 0 -1 14 -1 11 -1
968 6 12 -1 11 -1 2 12 -1 2 -1 3 -1 2 5 -1 3 9 14 -1 5 -1 6 7 -1 12 14 -1 11 13 14 -1 6 -1 1 14 -1 5 -1 10 -1 0 -1 6 -1
969 10 -1 14 -1 7 -1 7 -1
970 6 -1 5 -1 9 -1 12 -1 2 8 -1 7 -1 6 11 -1 10 -1 10 12 -1 9 10 -1
971 6 13 -1
972 12 -1
973 9 -1 2 -1 4 -1 6 11 -1 5 13 -1 11 14 -1 12 -1 8 9 10 -1 1 -1 14 -1 12 14 -1
974 9 12 14 -1 7 11 13 14 -1
975 11 -1 11 13 14 -1 4 12 14 -1 4 -1 8 11 -1 12 13 -1 14 -1 5 -1 7 11 -1 10 -1 12 -1 2 -1
976 1 11 -1 5 8 -1 10 -1 0 4 10 11 14 -1 11 14 -1 8 -1 4 -1 7 8 -1 8 -1 13 14 -1 13 -1
977 6 -1 3 -1 13 -1 14 -1 3 -1 1 11 13 -1
978 3 -1 2 -1 11 -1 14 -1 13 14 -1 9 -1 7 12 -1
979 1 10 12 14 -1 7 -1 5 11 -1 10 -1 3 -1 2 -1 9 13 -1 9 -1
980 9 10 13 -1 8 -1 12 14 -1 14 -1 11 -1 1 -1 6 -1 2 -1 13 -1
981 3 -1 2 4 9 -1 0 5 -1 3 -1 9 12 -1 3 8 -1 14 -1 5 8 13 -1
982 7 14 -1 2 -1 2 4 -1 5 14 -1 7 -1 14 -1 4 7 -1
983 1 -1 2 -1 9 12 -1 11 -1 11 -1 4 5 6 -1 11 -1 1 5 -1 11 13 14 -1 0 13 14 -1 8 14 -1 14 -1 11 13 14 -1 5 11 -1
984 5 -1 2 5 -1 12 13 -1 8 9 11 14 -1 2 -1
985 12 -1 2 11 -1 0 -1 0 -1 11 -1 13 14 -1 11 -1 12 -1 2 4 -1
986 14 -1 5 10 12 13 -1 1 -1 14 -1 8 11 -1 4 -1 11 -1
987 11 -1 14 -1 1 8 -1 0 13 14 -1 9 12 13 -1 3 10 -1 7 -1 8 14 -1 11 -1 6 14 -1 3 -1
988 9 12 14 -1 12 14 -1 6 -1 1 7 -1 9 -1 6 -1 1 -1
989 13 14 -1 4 -1 2 -1 5 12 13 -1 10 -1 1 -1 7 -1 9 -1 9 -1 14 -1 13 -1 5 12 -1 7 14 -1 7 13 -1 8 -1
990 4 -1 9 -1 7 -1 8 -1
991 9 11 14 -1 2 -1 13 -1
992 11 -1 9 -1 5 -1 14 -1 3 5 -1 11 -1 6 -1 14 -1 1 -1
993 0 7 14 -1 4 13 -1 2 6 -1 3 14 -1 13 14 -1 11 -1 6 13 14 -1 9 11 14 -1 1 -1 7 -1 1 14 -1 0 -1
994 7 12 13 -1
995 9 12 -1 6 -1 0 11 -1
996 11 12 -1 6 -1 12 13 -1 2 -1 6 7 10 -1 9 -1 3 -1 4 13 14 -1
997 13 14 -1 6 11 13 14 -1 8 14 -1
998 2 7 12 13 -1 9 13 14 -1 5 8 -1 10 12 13 14 -1 5 -1 13 14 -1 10 12 -1 14 -1 9 11 -1 5 12 13 -1 0 -1 14 -1
999 8 -1 3 12 -1 9 -1 8 13 -1 8 -1
1000 6 -1 13 14 -1 7 8 13 14 -1 11 12 -1 7 9 12 13 -1 3 13 14 -1 10 12 14 -1 2 4 8 -1 4 -1 10 -1 14 -1 7 -1 14 -1 1 -1
1001 0 14 -1 4 -1 1 -1 14 -1 14 -1 14 -1
1002 9 -1 14 -1 5 12 14 -1 5 14 -1 8 -1 4 -1 11 14 -1 10 -1 13 14 -1 6 7 14 -1 1 -1 3 -1 4 -1
1003 4 -1 14 -1 7 13 -1 7 -1 13 -1 10 11 12 -1 0 5 9 -1 2 -1 6 9 -1 0 1 5 12 14 -1
1004 4 -1 13 -1
1005 1 4 11 -1 10 -1 14 -1 4 -1 4 -1 0 -1 13 -1 3 -1 13 -1 3 -1 10 -1 1 4 -1 9 12 14 -1 4 13 14 -1 7 -1
1006 13 14 -1 9 -1 13 -1 13 -1 9 -1 4 -1 13 14 -1 3 4 -1 6 12 14 -1 0 5 -1
1007 14 -1 3 10 11 12 13 -1 2 4 -1 1 -1 4 -1 5 9 10 -1 8 9 11 -1
1008 12 13 14 -1 0 13 14 -1 4 -1 13 14 -1 1 -1
1009 12 13 -1 0 6 7 -1 10 -1 6 14 -1 6 -1 11 12 -1 12 -1 9 12 14 -1 7 14 -1 0 9 12 14 -1
1010 10 13 14 -1 9 -1 0 3 -1 13 14 -1 12 13 14 -1 7 11 -1 8 -1 11 -1 10 14 -1 10 14 -1 3 12 -1 6 -1 7 -1
1011 11 12 13 14 -1 11 13 -1 9 -1 9 12 13 -1 7 12 13 -1 4 -1 12 14 -1 3 -1 4 -1 2 -1 13 -1
1012 13 14 -1 5 -1 8 -1 11 12 13 14 -1 4 9 -1 13 14 -1 7 -1 2 7 -1 14 -1 4 11 -1 0 8 -1
1013 9 -1 2 -1 1 14 -1 6 -1 2 -1
1014 6 13 -1 6 10 13 -1 5 -1
1015 2 6 11 -1
1016 13 -1 14 -1 14 -1 12 -1 2 7 12 -1 0 -1 4 -1 7 -1 10 11 13 -1 10 11 -1 13 -1 0 13 -1 2 12 -1 2 -1 5 -1
1017 8 11 14 -1 11 -1 11 -1 3 -1 6 7 -1 0 -1 11 14 -1 2 -1 3 -1 7 -1 0 13 14 -1 8 -1 14 -1 5 11 -1 12 -1
1018 0 -1 2 11 -1 5 -1 12 -1 5 12 -1 6 12 13 -1 14 -1 7 13 14 -1 11 -1 14 -1 6 -1 13 -1 14 -1 8 10 -1 13 -1 6 -1 10 -1
1019 10 -1 3 14 -1 11 -1
1020 11 -1 3 -1 11 14 -1 2 12 -1 9 -1 14 -1 9 -1 8 10 -1 4 9 -1 12 13 -1 5 11 14 -1 9 11 -1 12 14 -1 6 -1 9 -1 7 -1 14 -1 1 -1 11 -1
1021 3 13 14 -1 4 -1 0 10 13 14 -1 7 12 14 -1 6 -1
1022 7 8 14 -1 13 14 -1 5 -1 9 -1 12 -1 14 -1 11 13 -1 7 10 12 -1 1 4 -1 4 6 12 -1 7 -1
1023 7 11 -1 4 6 7 8 -1 8 -1 8 13 -1 12 -1 8 -1 2 13 14 -1 5 -1 5 -1 6 7 -1 2 9 -1
1024 8 13 -1 3 4 8 10 -1 6 12 14 -1 7 14 -1 11 -1 1 -1 3 -1 0 -1
1025 9 13 -1 13 14 -1 9 10 11 -1 6 -1 1 8 11 -1 3 5 13 -1 4 7 -1 6 14 -1 2 9 12 14 -1 1 -1 8 10 11 -1 2 9 10 -1
1026 8 -1 6 8 9 -1 4 5 -1 3 -1 13 -1 3 4 6 9 -1 1 8 9 -1 4 -1 3 -1
1027 8 -1 12 -1 7 -1 13 14 -1
1028 3 -1 7 -1 9 10 12 -1 13 14 -1 12 14 -1 8 -1 2 9 -1 11 13 -1
1029 3 -1 0 6 11 12 13 -1 8 13 14 -1 11 12 14 -1
1030 2 -1 1 -1 4 6 -1 2 -1 12 -1 12 13 14 -1 3 10 12 -1 14 -1 1 3 12 -1 14 -1 3 7 -1 8 10 12 -1 10 -1 14 -1 6 -1
1031 8 11 -1 5 -1 10 13 14 -1 2 -1 11 -1 7 14 -1 8 10 -1 1 -1
1032 6 13 -1 6 -1 2 -1 5 -1 9 13 14 -1 8 -1 3 -1 4 -1 8 -1 6 -1 12 14 -1 10 12 14 -1 1 13 -1 4 14 -1 1 -1 11 14 -1 10 -1 3 8 -1
1033 8 14 -1 10 -1 9 11 -1 3 6 -1 11 -1 6 -1
1034 4 -1 5 6 9 -1 9 -1 5 13 -1 0 -1 12 13 14 -1 14 -1 8 12 -1
1035 14 -1 7 14 -1 13 14 -1 7 14 -1 11 -1 10 -1 11 14 -1 12 -1 11 13 -1 12 14 -1 5 -1 3 -1 11 13 -1 4 -1 14 -1 11 -1 14 -1 10 -1 14 -1 9 -1 8 -1
1036 4 8 13 14 -1 8 -1 1 10 14 -1 4 -1 7 -1 2 8 -1 13 14 -1 7 -1 7 -1 11 13 14 -1 12 -1 11 12 -1
1037 3 4 11 14 -1 4 -1 4 8 -1 11 12 -1 8 -1 12 -1 2 4 -1 11 -1 9 13 -1 2 -1 3 5 -1 13 14 -1 9 -1 0 -1 2 5 -1
1038 9 11 13 14 -1 2 11 14 -1 9 13 -1 8 12 -1 14 -1 0 -1 14 -1 10 -1 3 -1 6 10 13 -1 9 -1 13 -1 7 14 -1 0 12 -1 12 14 -1
1039 10 -1 6 7 8 10 -1 11 13 -1 14 -1
1040 3 10 -1
1041 10 -1 0 -1 9 11 -1 6 -1 4 9 -1 8 -1
1042 1 -1 5 -1 1 -1 8 -1 7 11 -1 5 -1 10 11 -1
1043 1 6 -1 13 -1 14 -1 8 12 13 14 -1 6 13 -1 10 -1 8 -1
1044 7 14 -1 12 14 -1 1 -1 9 11 -1 0 -1 13 14 -1 10 11 -1 0 -1 7 -1 14 -1 2 -1 6 -1
1045 8 11 12 14 -1 13 -1 1 -1 10 14 -1 8 -1 6 -1 4 11 12 -1
1046 12 -1 0 -1 2 11 -1
1047 4 8 -1 12 -1 6 -1 3 5 6 -1 3 11 12 -1 11 12 14 -1 7 12 -1 12 -1 7 -1 11 13 -1 14 -1 14 -1 6 -1
1048 10 11 -1 0 -1 13 14 -1 12 13 -1 7 13 14 -1 13 -1 13 14 -1 10 14 -1 7 -1 1 14 -1 13 -1 7 -1 12 -1 8 13 -1
1049 6 -1 4 5 6 -1 10 -1 2 -1 1 -1 12 -1 2 5 13 -1 9 12 -1
1050 1 13 14 -1 6 11 12 -1 9 -1 4 14 -1
