900
1 16 -1 12 17 28 29 -1 26 -1
2 12 18 19 -1 15 20 -1 28 29 -1 20 28 29 -1 29 -1 23 27 -1 19 -1 15 -1 21 24 28 29 -1 23 29 -1
3 12 -1 7 -1 22 -1 25 -1 13 17 -1 11 -1 29 -1 12 21 -1 28 -1 2 -1 13 27 -1 11 20 -1 9 10 13 -1 4 -1 18 -1 24 -1 29 -1 22 -1 19 -1 26 -1 5 -1
4 0 14 28 29 -1 5 -1 19 26 -1
5 9 -1 16 -1 10 -1 18 19 20 24 -1 26 -1 15 20 -1 9 10 12 29 -1 20 -1 2 -1 23 29 -1 14 -1 18 29 -1 21 25 27 28 -1 3 -1 2 -1
6 8 -1 24 28 -1 2 -1 8 -1 2 -1 14 -1 2 -1
7 12 -1
8 7 -1 18 27 28 -1 17 20 23 25 -1 4 -1 6 13 14 -1 18 22 -1 11 -1 18 -1 29 -1
9 7 -1 10 -1 2 7 -1 0 -1 12 27 29 -1 14 16 17 -1 20 24 -1 14 24 28 29 -1
10 9 20 21 24 -1 5 -1 6 -1 25 -1 5 18 29 -1 0 -1 14 24 25 28 -1 17 -1 11 16 24 26 -1 21 -1 16 -1 28 29 -1 11 27 29 -1 3 15 -1
11 17 -1 17 22 -1 8 23 -1 4 20 23 -1 24 26 -1 23 29 -1 7 11 12 15 19 -1 22 -1 11 -1 8 -1 17 -1 14 29 -1 14 -1 1 17 -1 26 -1
12 20 27 29 -1 22 -1 5 -1 9 -1 7 13 19 -1 8 15 28 -1 2 -1 20 26 27 28 29 -1 18 -1 29 -1 16 -1 7 10 -1 28 -1 9 -1 29 -1 9 -1
13 22 25 -1 17 24 28 -1 11 -1 6 -1 11 -1 22 26 28 29 -1 20 -1 27 -1 8 -1 27 28 -1 0 -1
14 11 15 -1 12 20 -1 0 -1 7 10 -1 18 -1 22 27 -1
15 6 -1 17 20 26 27 28 29 -1 27 -1 19 26 -1 10 -1 16 25 29 -1 13 -1 1 -1 28 -1 18 -1 21 -1 23 -1 25 28 -1 4 -1 12 17 -1 26 28 -1 14 19 -1
16 20 -1 13 19 24 27 -1 26 29 -1 3 4 -1 0 -1 18 20 -1 22 27 28 -1 28 29 -1 26 29 -1 1 4 -1 1 -1
17 3 28 29 -1 10 -1 13 -1 27 28 -1 10 -1 5 16 29 -1 6 14 19 21 28 29 -1 19 -1 7 17 -1 17 -1 16 -1 28 -1 16 22 -1
18 29 -1 23 -1 17 26 -1 6 -1
19 4 -1
20 1 -1 18 -1 6 22 -1 13 -1
21 21 26 28 29 -1 7 17 -1 3 15 27 -1 14 -1 23 -1 20 24 -1 23 28 -1 18 -1 11 13 15 20 26 27 29 -1 22 -1
22 13 26 27 28 29 -1 12 -1 13 -1 5 23 27 28 29 -1 22 -1 11 24 -1
23 29 -1 29 -1 13 23 -1 19 20 26 -1
24 14 21 22 -1 8 -1 19 27 29 -1 17 -1 13 18 24 25 -1 8 12 14 18 25 27 -1 24 28 29 -1 28 29 -1 21 26 -1
25 19 25 26 -1 6 21 -1 24 -1
26 22 -1 28 29 -1 17 20 -1 5 -1 19 28 29 -1 18 -1 19 -1 4 18 -1 27 -1 5 -1 11 25 -1 4 -1 2 9 18 26 29 -1
27 20 -1 11 -1 28 -1 13 26 -1 17 -1
28 19 22 -1 20 22 -1 14 26 -1 24 28 29 -1 17 25 27 -1 5 -1 3 20 29 -1 5 14 -1 17 26 -1 10 -1
29 1 -1 19 21 22 -1 7 24 -1 28 29 -1 12 -1 9 -1 2 -1 3 15 28 29 -1 6 -1 29 -1 23 26 27 -1 11 -1
30 19 27 -1 3 10 -1 19 20 -1 11 -1 2 10 25 -1 13 -1 5 -1 17 -1 6 -1 17 -1 10 -1 7 -1 27 29 -1 20 -1 4 -1 22 -1 11 22 27 -1 23 -1 27 -1
31 25 26 -1 16 18 -1 29 -1 28 -1 21 26 -1 4 10 25 -1 11 -1
32 3 -1 27 28 29 -1 3 4 -1 12 -1 12 -1
33 25 28 -1 4 17 18 -1 13 -1 24 26 -1 18 27 -1 4 6 20 29 -1 20 -1 26 -1 10 -1
34 12 25 -1 24 29 -1 20 22 -1 9 12 26 27 28 29 -1 7 29 -1 4 -1 8 -1 0 23 25 29 -1 21 -1 2 20 -1 21 24 -1
35 25 26 27 -1 12 -1 4 -1 5 8 15 24 -1 23 -1 2 9 18 -1 18 -1 9 15 -1 2 18 20 28 -1
36 13 -1 18 -1 8 10 15 -1 11 28 -1 7 17 -1 19 -1 10 -1 26 -1 27 29 -1 29 -1 25 -1 6 16 25 26 -1 5 7 8 -1 2 29 -1 28 29 -1 2 -1 17 -1
37 23 25 -1 16 -1 22 29 -1
38 27 -1 6 14 -1 10 -1 28 -1 6 18 -1 18 24 -1
39 0 -1 24 27 29 -1 0 25 29 -1
40 9 11 -1 9 -1 17 -1 26 -1 16 -1 21 -1
41 0 -1 19 23 28 29 -1 4 -1 13 -1 2 19 -1 20 29 -1 10 -1 7 -1 13 22 29 -1 22 -1 17 20 -1 17 28 29 -1 4 -1
42 22 28 -1 0 -1 0 -1 11 -1 6 -1 21 25 -1 29 -1 4 6 -1 12 -1 25 26 -1 23 29 -1 0 -1 23 24 29 -1 21 -1 17 25 -1 10 -1 17 -1 26 -1
43 2 3 14 19 -1 6 16 20 -1
44 28 -1 16 21 -1 5 -1 7 -1 0 -1 17 -1 22 23 28 -1 1 -1 4 22 -1 26 28 -1 29 -1
45 8 27 -1 7 -1 1 27 28 -1 15 -1 11 21 25 27 28 -1 10 13 26 29 -1 9 -1 20 -1 29 -1 10 -1 13 -1 25 28 -1 23 -1 3 21 24 -1
46 14 28 29 -1 6 29 -1 19 28 -1 1 12 20 -1 22 27 -1 8 -1 12 -1 18 -1 15 -1 19 23 -1
47 11 16 -1 7 16 28 -1 22 -1 16 28 -1 5 17 24 27 29 -1 15 -1 20 25 -1
48 12 -1 18 21 23 -1 27 28 -1
49 20 -1 23 -1 0 20 28 -1 29 -1 9 10 27 28 29 -1 22 29 -1 1 10 -1 13 -1 22 -1 7 -1 12 -1 2 13 -1
50 1 11 24 -1 10 20 26 -1 15 -1 3 -1 21 23 -1 8 -1 21 29 -1 23 -1
51 3 -1
52 24 -1 15 -1 27 28 -1 24 -1 22 -1 29 -1 3 -1 26 28 -1 18 25 28 -1 11 -1
53 18 23 28 29 -1 9 -1 17 28 -1 23 26 28 29 -1 25 -1 8 -1 18 -1 28 29 -1 21 -1
54 7 10 -1 23 26 -1 2 7 -1 26 -1 0 20 23 27 29 -1 17 28 -1 27 28 -1 21 27 -1 26 28 -1 29 -1 5 17 -1 21 -1
55 27 -1 17 -1 2 13 -1 12 29 -1 0 4 -1 0 -1 5 8 -1 8 10 -1 27 -1 14 -1 3 -1 25 -1 25 28 -1 11 -1 16 -1 0 6 -1 23 24 27 28 -1 17 -1 11 -1
56 5 -1 18 -1 15 -1 22 29 -1 1 -1 11 17 20 26 -1
57 6 11 -1 7 28 -1 7 -1 26 -1 0 -1 9 -1 4 18 -1
58 14 28 -1 22 -1 7 -1 4 -1 20 26 -1 3 14 29 -1 21 -1 12 17 -1 26 29 -1 28 -1 2 -1
59 6 -1 28 29 -1 4 26 -1 7 -1 11 16 20 -1 18 29 -1 3 16 -1 27 29 -1 24 -1 21 -1 17 -1 1 10 -1
60 14 -1 9 -1 3 21 -1
61 15 23 -1 26 -1 2 6 -1 26 29 -1 17 -1 27 29 -1 20 -1 0 14 -1 18 -1 16 18 -1
62 6 13 29 -1 29 -1 1 4 11 24 -1 12 25 -1 7 -1 17 -1
63 7 13 27 -1 7 10 -1 22 -1 19 -1 26 -1 17 24 26 -1 15 -1 10 22 -1 10 -1 15 -1
64 7 14 25 -1 24 26 -1 0 -1 13 -1 15 -1 29 -1 28 29 -1 14 -1 28 29 -1 29 -1 0 1 -1 7 11 16 29 -1 12 -1 1 -1
65 22 -1 8 17 22 -1 21 -1 6 17 -1 19 -1 19 28 -1 11 -1 26 -1 8 28 -1 0 29 -1 4 -1 15 28 29 -1 16 28 29 -1
66 10 17 -1 20 -1 21 27 28 -1 4 -1 23 -1
67 27 29 -1 27 -1 26 -1 1 -1 0 15 17 -1 28 29 -1 29 -1 8 -1 18 19 -1 28 29 -1 14 19 25 -1
68 8 15 28 29 -1 10 17 18 -1 6 21 22 26 -1 22 -1 19 28 29 -1 25 -1 7 21 -1 27 -1 24 -1 7 -1
69 25 -1 19 -1
70 2 3 -1 8 -1 12 18 29 -1 18 -1 9 -1 27 28 29 -1 27 28 -1 11 -1 19 -1 27 28 -1 22 -1 6 -1 8 26 27 28 29 -1 24 -1 13 23 -1 14 -1
71 13 25 26 29 -1 29 -1
72 3 21 -1 18 -1 26 28 -1 6 -1 27 -1 20 -1 28 -1 15 -1 1 -1 28 -1 1 2 13 -1 17 -1 25 26 29 -1 1 -1 1 20 -1
73 21 -1 3 17 -1 0 -1 16 21 -1 1 7 -1 9 -1 6 -1 16 19 26 28 29 -1
74 12 21 -1 1 -1 23 -1
75 15 -1 15 -1 29 -1 5 7 14 20 -1 11 -1
76 1 12 15 -1 11 27 -1 4 26 -1 20 -1 0 29 -1 8 -1 4 19 -1 13 25 26 -1 12 29 -1
77 27 29 -1 10 13 -1 1 -1 26 27 29 -1
78 6 8 -1 22 -1 22 -1 2 -1 15 -1 15 -1 0 -1 2 -1
79 16 29 -1 18 -1 26 28 29 -1 3 -1 0 -1 0 11 -1 15 -1 21 -1 7 24 26 -1 17 -1 8 -1
80 26 -1 3 22 -1 25 28 -1 10 -1 28 -1 8 -1 8 -1 8 -1 14 -1
81 19 27 28 29 -1 4 21 28 -1 8 -1 10 24 -1 15 -1 5 -1 6 24 28 -1 4 23 28 -1 1 22 -1 16 -1 2 -1 9 27 -1 27 -1 15 -1
82 6 -1 3 26 -1 9 -1 17 20 23 -1 6 23 24 -1
83 2 -1 17 27 28 -1 26 -1 9 13 -1 7 -1 22 28 29 -1 6 -1 19 -1 13 -1 12 15 18 -1 19 -1 26 -1 4 -1 4 28 -1 7 -1
84 24 -1
85 15 27 28 29 -1 12 25 28 29 -1 22 -1 22 29 -1 21 -1 27 -1 19 -1 8 15 -1 13 26 -1 26 28 29 -1 21 -1 12 18 -1
86 28 -1 27 -1 12 20 -1
87 7 23 -1 13 26 -1 13 15 16 -1 4 15 18 19 -1 12 15 -1 19 -1
88 13 -1 1 7 8 25 -1 23 24 27 -1 13 -1 13 -1 7 -1 14 15 24 -1 17 -1 6 18 -1
89 23 -1 11 16 23 -1 23 -1 1 -1 2 17 -1 6 18 23 27 29 -1 6 -1 9 25 28 -1 0 -1 21 24 28 29 -1 15 -1
90 13 16 -1 13 -1 20 29 -1 11 -1 17 -1 6 -1 25 28 29 -1 4 29 -1 14 -1 18 22 -1
91 3 -1 13 18 26 -1 14 15 -1
92 3 11 22 25 28 29 -1 5 -1 17 23 -1 11 -1 28 -1 27 -1 14 18 -1 26 -1
93 4 -1 15 -1 7 -1 19 22 26 -1 21 22 -1 4 26 -1 7 -1 11 18 19 20 -1 5 28 29 -1 25 26 -1
94 4 -1 4 -1 7 28 29 -1 0 12 13 -1 16 24 -1 4 -1 19 21 -1
95 18 24 28 -1 19 -1 1 22 24 26 -1 13 17 -1 28 -1 24 27 -1 0 1 -1 23 26 -1 9 -1 9 -1
96 28 29 -1 27 -1 8 -1 17 -1 6 18 -1 22 23 -1 20 -1 3 -1
97 23 -1 19 -1 7 -1 17 23 24 -1 25 29 -1 0 -1 8 -1 5 27 29 -1
98 23 -1 8 29 -1 20 -1 29 -1 9 -1 25 -1 3 -1 8 13 -1 12 -1 1 2 -1 19 -1 12 27 -1
99 27 -1 12 18 -1 25 -1 4 -1 11 -1 4 17 24 -1 5 -1 3 -1 28 29 -1 20 23 -1 22 -1 17 -1 23 -1 20 29 -1 24 -1
100 3 11 29 -1 27 28 29 -1 14 -1 27 29 -1 6 13 -1 19 -1 24 25 -1 17 21 25 -1 16 -1 3 -1 9 -1 9 -1
101 22 26 -1 21 25 26 28 -1 19 -1 10 29 -1 20 21 29 -1 3 -1 16 -1 7 17 -1 27 -1 29 -1 14 -1
102 4 10 -1 9 -1 15 -1 12 -1
103 25 26 -1 24 -1 18 19 -1 0 16 -1 3 23 -1 16 29 -1 1 25 -1 9 12 17 -1 19 21 26 27 29 -1 2 -1 23 25 28 -1 0 -1
104 26 -1 19 -1 11 21 -1 8 28 29 -1 13 24 -1 17 27 -1
105 19 -1 12 29 -1 24 28 -1 2 -1 17 19 -1 6 22 -1
106 17 -1 2 27 -1 7 -1 2 25 -1 22 28 -1 19 -1 3 4 27 -1 6 23 -1 2 4 24 -1 5 27 29 -1 13 -1 24 29 -1 5 -1 27 28 29 -1
107 7 -1 0 16 -1 27 -1 8 25 29 -1 23 28 -1 22 -1 23 29 -1 3 13 26 -1 18 19 21 -1 18 -1 5 -1 2 13 28 29 -1 29 -1 9 12 -1
108 6 -1 2 -1 20 26 27 -1 4 19 28 -1
109 27 -1 13 -1 18 -1 21 -1 17 -1 13 -1
110 29 -1 29 -1 14 18 26 28 29 -1 0 -1 3 -1 21 -1 28 29 -1 9 -1 5 -1 19 -1 25 -1 0 -1 15 -1
111 13 18 -1 27 -1
112 1 -1 20 28 -1 2 29 -1
113 28 29 -1 29 -1 20 26 -1 9 13 14 21 -1 13 -1 15 17 -1 20 29 -1 28 -1 18 -1 24 28 -1 10 -1 17 -1 10 -1 5 -1
114 6 -1 10 20 27 -1 18 -1 5 -1 29 -1 29 -1 27 29 -1 17 29 -1 16 21 -1 3 -1 7 -1 11 -1 20 -1 13 -1 29 -1 14 -1
115 18 29 -1 7 -1 2 26 -1 2 -1 20 -1 1 -1 21 29 -1 19 23 -1 2 -1 24 -1 3 5 27 29 -1 28 -1 25 -1 0 -1
116 17 22 25 29 -1 5 -1
117 23 26 -1
118 12 -1 19 -1 26 -1 24 29 -1 26 -1 3 9 -1 23 -1 22 -1 12 18 -1 15 24 -1 22 24 25 -1 17 -1 25 27 -1 18 -1 17 20 -1 24 -1 15 -1 4 -1 16 -1 19 21 -1
119 29 -1 13 27 28 -1 6 -1 29 -1 14 -1
120 13 -1 22 -1 14 18 -1 13 -1 22 24 -1 8 -1 7 -1
121 5 7 9 -1 7 -1 8 11 -1 22 29 -1 9 -1 9 21 28 29 -1 10 -1 0 -1 10 -1 29 -1 6 13 -1 2 -1 2 -1 8 -1 26 -1 24 -1
122 13 -1 1 -1 3 -1 20 -1 18 25 -1 0 -1 20 26 27 -1 25 -1 29 -1 18 29 -1 4 24 -1 13 18 -1 4 23 -1 26 -1 27 28 29 -1 0 11 -1
123 20 -1 13 22 29 -1 24 28 -1 24 -1 6 -1 23 25 26 -1 13 -1 4 -1 8 -1 28 -1 4 -1 23 29 -1 1 -1 20 28 29 -1 1 -1 25 26 28 -1 19 21 23 -1
124 19 25 28 29 -1 2 -1 8 -1 16 23 -1 10 14 25 -1 11 -1 16 28 29 -1 6 -1 12 -1 10 17 18 -1
125 23 27 -1 7 -1 12 -1 22 -1 1 -1 13 -1 7 -1 18 -1 15 -1 22 27 -1 14 17 20 -1 24 -1 17 22 24 -1 27 29 -1 1 -1 24 -1
126 4 27 -1 19 -1 2 -1 7 22 -1 8 -1 15 23 25 26 29 -1 0 -1 20 -1 24 25 -1 28 -1 18 28 29 -1 6 -1
127 18 -1 16 -1 0 -1 3 -1 2 -1 21 -1 27 29 -1 28 -1 16 25 28 -1 23 24 27 -1 1 3 17 20 23 24 27 -1
128 8 -1 14 25 -1 3 -1 14 -1 24 28 -1 15 -1 7 18 -1 14 28 -1 28 29 -1 3 5 18 20 -1 4 -1 12 15 21 -1 10 20 25 -1 6 -1
129 7 15 -1 27 -1 24 -1 17 -1 23 -1
130 17 -1
131 0 -1
132 29 -1 21 26 28 -1 21 -1 7 12 -1 25 -1 27 29 -1 11 29 -1 28 -1 23 -1 20 -1 20 -1 0 12 -1 24 -1 0 -1
133 18 -1 28 29 -1 7 26 -1 7 -1 22 -1
134 4 -1 13 20 23 -1 2 26 29 -1 23 26 -1 19 -1 12 -1 28 -1 2 20 -1 15 -1 19 28 29 -1 14 22 27 -1 2 17 -1 14 -1
135 1 -1 15 17 20 -1 13 -1 25 26 27 -1
136 29 -1 9 20 -1 5 13 -1 23 25 -1 16 -1 26 -1 6 22 24 29 -1 8 25 -1 13 29 -1
137 4 -1 1 -1 25 29 -1 10 24 27 28 29 -1 29 -1 2 -1 7 8 26 -1 9 16 -1
138 6 -1 29 -1 9 26 -1 14 -1 1 29 -1 9 15 -1 6 28 29 -1 2 13 -1 25 27 28 29 -1 18 28 29 -1 7 11 -1 19 -1
139 9 10 -1 10 -1
140 12 -1 0 -1 2 11 29 -1 24 -1 15 26 28 -1 0 2 20 25 27 -1 12 -1
141 17 29 -1 12 -1 10 17 -1 0 23 -1 25 -1 16 19 21 -1 27 29 -1 28 29 -1 23 24 -1 21 27 -1
142 21 26 -1 25 -1 11 -1 9 21 -1 29 -1 8 -1 6 22 -1 29 -1 28 -1 9 -1 8 19 23 24 26 29 -1 5 9 12 28 -1 10 -1 2 18 27 -1 5 -1
143 1 22 23 -1 21 24 28 29 -1 23 -1 21 -1 9 21 24 29 -1 18 29 -1 17 -1 8 -1 10 -1 20 22 -1 23 -1
144 21 -1 18 22 -1 19 -1 25 -1 23 -1 0 -1 10 -1 12 20 24 25 -1 10 -1 15 16 24 27 -1 13 18 -1 1 -1 2 3 27 -1 17 21 28 29 -1 29 -1
145 25 29 -1 5 29 -1 0 -1
146 14 -1
147 2 -1 22 27 -1 7 -1 23 -1 25 27 -1 22 -1
148 18 19 29 -1 0 7 -1
149 22 23 25 -1 15 20 26 -1 17 -1 1 29 -1 22 23 27 29 -1 1 22 -1 14 -1 6 -1 19 -1 0 3 25 27 28 29 -1 16 -1 0 -1 0 -1 23 -1 29 -1
150 11 27 -1 29 -1 14 -1 14 27 29 -1 17 20 23 -1 8 -1 5 -1 17 -1 21 -1 12 24 27 -1 17 -1 21 -1 7 -1 1 -1 25 29 -1 28 29 -1 17 27 -1
151 27 -1 8 -1 9 12 25 27 -1 28 -1 6 -1 24 26 -1
152 0 29 -1 6 -1 10 15 -1 12 26 27 -1 2 -1 14 22 -1 17 28 29 -1 21 -1 22 25 28 29 -1 10 19 -1 3 -1
153 7 -1
154 3 -1 21 25 28 -1 4 -1 16 -1 14 -1 21 -1 25 27 -1 8 16 17 -1 25 27 -1 4 25 -1 0 4 -1 9 16 -1 1 7 -1 29 -1 23 -1 7 -1 29 -1
155 9 -1 17 -1 13 -1 8 -1 8 9 26 28 -1 25 -1 20 28 29 -1 6 8 -1 17 -1 17 -1 28 29 -1 1 4 -1 17 28 29 -1 0 -1 4 -1
156 18 22 -1 24 -1 16 -1 27 29 -1 5 -1 13 21 -1 5 8 -1 13 22 -1
157 7 22 -1 0 -1 15 -1 28 -1 14 22 26 27 29 -1 24 29 -1 5 24 25 -1
158 8 12 -1 26 -1 3 -1 18 21 -1 3 -1 5 -1 8 19 25 -1 7 -1 2 -1 14 24 27 -1 23 25 -1 28 29 -1 12 -1
159 22 27 -1 23 -1 8 -1 7 29 -1 24 -1 10 13 -1 26 27 29 -1 12 22 24 -1 12 -1 23 27 28 29 -1
160 2 -1 1 -1 3 -1 17 -1 20 29 -1 7 -1
161 27 29 -1 4 19 -1 12 15 29 -1 8 24 -1 14 26 28 -1 12 -1 1 -1 1 9 -1 28 29 -1
162 21 22 -1 23 -1 15 -1 7 -1
163 29 -1 27 28 -1
164 14 29 -1 29 -1 25 28 -1 11 20 25 -1 12 27 -1 11 -1 16 23 -1 16 -1 6 27 -1 12 -1 8 -1 0 22 23 -1
165 18 -1 19 28 29 -1 12 19 -1 24 27 -1 29 -1 28 29 -1 7 -1
166 29 -1 5 -1 13 24 -1 12 23 24 -1 10 11 14 -1
167 13 15 18 -1
168 20 -1 12 -1 3 -1 24 -1 23 28 29 -1 23 24 25 28 29 -1 5 10 22 27 28 -1 6 -1 13 -1 27 -1 27 29 -1 4 20 22 -1 12 25 27 29 -1
169 22 -1 23 -1 0 3 11 -1 2 18 24 29 -1 20 -1 25 27 29 -1 12 -1 5 -1 20 23 24 29 -1 23 -1 15 -1 2 12 -1 29 -1 11 -1 19 -1 11 22 -1 19 -1
170 1 15 24 27 28 29 -1 12 18 19 -1 20 -1
171 23 -1
172 20 29 -1 0 -1 18 27 -1 24 -1 13 26 -1 9 -1 3 27 28 29 -1 20 -1 28 -1 4 -1 12 21 -1 2 9 -1 28 29 -1 11 17 -1 19 -1
173 29 -1 13 -1 0 -1 7 -1 17 20 -1 28 29 -1 7 15 -1 1 25 -1 21 24 -1 12 -1 9 12 -1 19 -1
174 20 -1 25 -1 29 -1 8 14 -1 12 25 28 -1
175 5 -1 3 -1 12 -1 25 26 -1 14 -1 13 -1
176 17 21 24 -1 14 23 -1 8 25 28 -1 12 28 29 -1
177 21 23 -1 14 17 23 -1 10 13 24 26 -1 28 -1 5 -1 5 8 -1 20 28 29 -1 15 19 22 -1 19 -1 23 -1 14 25 29 -1 8 -1
178 16 -1 24 26 29 -1 16 20 -1
179 29 -1 2 -1 14 -1 24 29 -1 11 17 -1 13 23 28 -1 25 -1
180 11 -1 25 29 -1 15 -1 4 -1 21 -1 29 -1 16 23 -1 23 -1 12 -1 21 -1 11 -1 6 -1 29 -1 20 -1 29 -1 11 -1 27 29 -1 17 -1 29 -1
181 2 -1 29 -1 25 28 29 -1 23 -1 8 -1 12 15 -1 8 17 25 28 -1 22 -1 3 -1 9 -1 11 22 -1 13 27 29 -1 24 -1 6 15 -1 19 -1
182 18 25 28 29 -1 14 20 -1 0 -1 0 22 -1 12 14 -1
183 15 -1
184 7 -1 10 19 23 -1 0 26 -1 16 20 25 -1 19 23 -1 29 -1 2 -1 21 -1 27 -1
185 29 -1 7 -1 4 -1
186 14 16 25 29 -1 23 -1 6 -1 27 -1 28 -1 5 -1 14 28 -1 10 13 -1
187 19 20 -1 27 29 -1 0 3 27 29 -1 15 28 -1 18 -1
188 19 21 27 29 -1 2 -1 14 27 29 -1 27 28 -1 11 15 -1 20 -1 19 -1 8 16 -1 26 -1
189 19 -1 9 23 26 29 -1 7 -1
190 12 -1 18 19 22 -1 12 17 18 -1 27 -1 27 28 -1 22 -1 8 -1 22 29 -1 14 -1
191 11 26 29 -1 11 25 -1 12 -1 3 7 -1 22 -1 22 28 -1 24 -1 17 29 -1 0 -1
192 21 28 29 -1 6 -1 9 19 22 23 -1 21 -1
193 11 29 -1 12 23 -1 18 20 23 24 26 -1 24 -1 29 -1 15 -1 25 29 -1 26 28 29 -1 17 29 -1 17 21 -1 13 28 29 -1 0 6 13 -1
194 19 -1 29 -1 7 -1 0 -1 3 12 -1 25 -1 14 -1 1 -1 10 18 -1 21 -1 6 -1 14 19 -1 15 27 28 29 -1 28 -1 10 14 -1
195 2 22 -1 12 -1 9 -1 17 -1 20 -1 0 25 -1 23 -1 16 29 -1 25 28 29 -1 11 -1 25 28 -1 22 -1 26 -1
196 29 -1 3 -1 22 -1 16 -1 25 -1 1 -1 25 26 28 -1 2 11 20 -1 11 -1 20 28 29 -1
197 9 -1
198 10 23 27 -1 6 24 27 -1 21 -1 7 -1 12 17 29 -1 7 10 -1 2 11 -1 26 28 -1
199 23 -1 27 -1 9 -1 18 -1 11 -1 9 10 -1
200 15 -1 26 -1 21 -1
201 24 -1 28 -1 2 -1 11 21 24 28 29 -1 26 27 -1 20 29 -1 3 -1 26 27 -1 23 -1
202 21 26 28 -1 6 -1 2 -1 10 -1 22 26 29 -1 22 -1 1 -1 14 19 -1
203 9 16 -1 18 -1 6 -1 22 27 -1 5 -1 27 -1 29 -1 25 -1 6 28 29 -1 7 20 -1 15 18 -1 2 14 -1 21 24 -1 6 -1
204 13 22 -1 13 26 29 -1 3 20 -1 29 -1 13 -1 12 -1 26 28 -1 6 -1 27 -1 2 10 -1 0 20 23 29 -1 12 19 -1 18 -1 11 -1 3 -1
205 16 26 -1 24 -1 12 -1 1 -1 6 10 22 -1 3 19 21 27 28 29 -1 17 18 -1 3 -1 4 23 25 29 -1 14 19 20 -1 0 29 -1 3 -1 3 17 -1
206 18 26 -1 6 -1 19 22 28 29 -1 20 -1 28 -1 10 12 25 -1 14 15 -1
207 9 15 25 27 -1 1 9 12 26 29 -1 29 -1 0 -1 6 12 -1 18 -1 23 26 27 -1 20 -1 19 -1
208 3 23 -1 8 -1 4 -1 7 -1 4 -1 11 29 -1 5 -1 22 -1 15 -1 13 20 -1 20 28 29 -1 21 -1 26 -1 13 -1 12 -1 22 25 -1 9 21 -1 26 -1 23 -1 4 -1 27 29 -1
209 18 -1 8 -1 9 -1 7 -1 24 28 29 -1 20 -1 20 28 29 -1 22 28 -1 25 -1 25 28 -1 10 -1 15 18 -1 20 26 28 29 -1 20 -1 18 28 -1
210 2 11 20 -1 0 12 -1 20 26 27 28 29 -1 27 -1 5 -1 3 -1 14 -1 22 -1 9 -1 7 -1 18 23 -1 4 11 -1
211 8 -1 1 16 18 -1 6 8 15 -1 19 -1 14 -1 2 -1 26 29 -1 22 -1 20 29 -1 24 -1 24 25 28 29 -1 22 26 29 -1 18 22 24 -1 5 -1 7 -1
212 18 26 -1 2 -1 4 14 -1 20 -1 27 -1 22 -1 8 -1 23 -1 2 -1 2 18 -1 29 -1 12 -1 17 23 -1 24 -1
213 24 -1 21 23 -1 12 19 -1 16 -1 18 -1 27 28 29 -1 5 -1
214 14 21 -1 29 -1 4 -1 2 -1 0 26 -1 6 -1 11 27 28 29 -1 15 -1 22 25 -1 28 -1
215 29 -1 14 22 -1 0 -1 7 -1 23 29 -1
216 21 24 25 -1
217 21 -1 8 9 -1 13 22 28 29 -1 16 27 -1 6 17 -1 16 19 -1 11 15 -1
218 19 22 27 29 -1 28 -1 2 8 -1 28 -1 1 -1 14 20 -1 8 15 -1 23 29 -1 11 15 -1 8 25 -1 27 28 -1
219 26 -1 21 -1
220 19 27 -1 15 19 -1 23 28 -1 0 -1 28 -1 23 25 -1 14 19 -1 20 27 28 -1 4 24 25 26 -1 4 -1
221 16 20 -1 7 -1 13 14 -1 1 -1 27 29 -1 28 29 -1 13 -1 17 29 -1
222 26 -1 0 24 27 -1 24 -1 12 27 -1 1 -1 9 -1
223 21 -1 10 13 21 -1 5 28 29 -1 25 27 29 -1 17 -1 21 -1 14 21 -1 14 21 -1 12 29 -1 23 27 -1 7 22 -1 6 24 26 29 -1 25 -1 15 -1 13 -1
224 28 29 -1 11 21 25 26 -1 25 -1 24 -1 13 25 -1 13 -1 23 -1 27 -1
225 16 -1 24 -1 25 -1 22 27 -1 17 29 -1 14 17 18 -1 2 -1
226 19 25 26 -1 9 13 22 -1 17 27 29 -1 9 -1 27 -1 7 -1 21 -1 26 -1 23 -1 25 26 -1 15 -1 15 26 28 29 -1 4 -1 4 -1
227 17 -1 25 -1 25 -1 7 -1 28 -1 26 -1 25 29 -1
228 0 10 -1 25 -1 9 -1 0 11 -1 27 -1 16 27 -1 14 15 29 -1 5 -1 10 14 -1 23 -1
229 25 -1 8 -1 0 -1 15 -1 20 24 -1 23 -1 6 14 -1 20 29 -1 16 27 28 -1 24 -1 21 -1
230 29 -1 5 15 20 -1 17 -1 23 -1 21 28 29 -1 12 -1 13 -1 9 -1
231 27 29 -1 21 29 -1 27 29 -1 16 -1
232 2 -1 28 -1 21 24 -1 0 -1 15 23 24 -1 1 -1 18 20 -1 0 15 24 -1 24 -1 16 19 -1
233 20 22 29 -1 19 23 29 -1 20 24 29 -1 18 27 28 29 -1
234 7 10 -1 26 -1 19 -1 24 -1 26 29 -1 16 -1 26 -1 0 26 29 -1 18 -1 20 -1 25 -1 15 -1 25 -1 18 28 -1 22 24 -1
235 27 -1 25 28 -1 23 -1 0 6 -1 17 20 -1 17 19 23 27 29 -1 1 -1 25 27 28 29 -1 22 27 -1 24 29 -1 0 -1 26 28 29 -1 25 -1 21 -1
236 21 24 28 29 -1 2 -1 12 22 -1 18 -1 17 20 -1
237 22 25 -1 7 20 -1 13 -1 6 19 -1 11 16 -1
238 6 -1 5 10 -1 13 20 28 -1 13 24 -1 20 -1 7 -1 19 27 28 29 -1 24 -1 6 -1 18 28 29 -1 12 17 -1
239 4 -1 28 29 -1 2 -1 27 -1 16 19 25 27 29 -1 29 -1 7 -1 28 29 -1 25 -1
240 1 12 -1 10 17 -1 10 18 24 -1 10 26 28 -1 17 -1
241 27 -1 20 -1 13 -1 13 17 -1 20 29 -1 15 -1 6 21 -1 11 -1 8 23 -1 13 -1 13 19 24 -1 8 19 29 -1 8 20 -1 24 -1 24 25 -1 5 23 29 -1 18 -1
242 0 4 -1 3 -1 25 28 -1 8 26 29 -1 2 -1 1 -1 23 24 -1
243 7 -1 28 29 -1 21 28 29 -1 7 -1 26 -1
244 13 17 -1 17 24 -1 28 -1 19 -1 5 11 20 -1 10 29 -1 7 -1 19 -1 11 -1
245 13 -1 29 -1 23 29 -1 12 -1 13 -1 4 9 -1 23 -1 26 27 -1
246 15 -1 27 29 -1 15 -1 22 -1 21 23 25 -1 11 15 27 -1
247 19 28 29 -1 19 -1 10 -1
248 16 -1 5 21 25 27 -1
249 2 23 28 -1 1 -1 15 22 29 -1 28 29 -1 18 -1 4 10 -1 11 -1
250 18 -1 23 -1 10 -1 20 -1 15 29 -1 12 28 -1 19 26 -1 9 -1 28 -1 27 -1 22 28 -1 15 21 -1 27 28 29 -1 12 -1 28 -1 13 14 15 21 27 29 -1
251 1 7 28 29 -1 7 22 28 29 -1 24 -1 8 -1 15 28 29 -1 2 13 17 19 -1 0 9 -1 8 24 -1 3 -1 8 18 29 -1 2 -1 28 -1 14 22 -1
252 26 -1 16 17 20 -1 2 -1 1 18 -1 14 22 -1 7 -1 27 28 -1 6 8 -1 22 -1 6 19 26 -1 16 29 -1 5 -1 10 17 22 -1
253 4 5 -1 6 25 27 28 -1 2 -1 15 -1 17 -1 8 18 28 29 -1 18 -1
254 10 11 23 26 -1 14 -1 17 -1 26 27 -1 17 22 28 -1 19 -1 14 -1 24 -1 26 29 -1 4 -1
255 21 28 -1 15 29 -1 0 -1 27 28 29 -1 27 -1 22 -1 12 23 27 -1 23 -1 29 -1 18 -1
256 17 -1 21 -1 11 23 24 -1 10 -1 12 18 -1 16 24 27 -1 10 21 -1 19 21 -1
257 18 -1 17 -1 3 -1 6 11 26 27 28 29 -1 27 29 -1 20 -1 11 18 -1
258 10 -1 7 -1 14 20 -1 5 7 25 -1 13 17 25 29 -1 2 5 -1 16 -1 0 -1 5 8 11 -1 20 26 -1 4 7 -1
259 18 -1 1 10 -1 19 -1 0 -1 7 8 -1 12 18 -1 22 -1
260 20 25 28 29 -1 2 -1 10 -1 15 -1 14 -1 21 24 -1 25 -1 11 -1 11 -1
261 21 -1 28 -1 7 -1 10 -1 22 26 -1
262 10 -1 4 -1 5 6 17 -1 26 -1 6 -1 20 -1 4 14 27 -1 15 28 -1 1 -1 6 22 26 -1 20 24 29 -1 20 26 -1 22 -1 14 28 29 -1 5 20 28 -1
263 0 29 -1 13 18 -1 25 -1 15 -1 25 -1 27 -1 12 14 -1 18 26 -1 0 -1 14 -1
264 10 -1
265 13 17 -1 17 23 26 -1 18 -1 18 -1 22 -1
266 13 21 23 -1 3 24 -1 28 -1 13 -1 1 26 -1 11 21 -1 14 -1 25 -1 6 12 -1
267 27 28 29 -1 16 17 19 -1
268 23 24 27 29 -1 18 21 22 -1 2 -1 10 -1 7 11 25 -1 6 -1
269 21 -1 0 -1 15 -1 6 25 -1 3 -1 21 24 -1 15 16 29 -1 4 -1 0 16 -1 0 -1 25 26 28 29 -1 16 -1 11 24 29 -1 17 -1 23 -1
270 28 -1 22 26 -1 24 29 -1 2 -1 8 -1 27 -1 9 12 28 -1 28 -1 12 14 17 24 -1 15 -1 12 28 29 -1 5 -1
271 20 28 -1 5 13 16 -1 19 25 -1 15 -1 26 28 29 -1 2 -1 19 22 -1 21 -1 18 22 -1 7 -1 25 27 29 -1 24 -1 24 -1 12 -1 12 14 26 -1
272 16 25 29 -1 21 28 29 -1 24 27 -1 19 23 -1 14 -1 26 -1 9 11 -1 25 -1 26 28 -1 0 17 19 -1
273 11 -1 13 26 27 29 -1 11 -1 11 -1 1 -1 15 -1 20 26 -1 19 21 -1 3 -1 23 29 -1 0 -1 12 -1 19 -1
274 24 29 -1 16 -1 25 -1 0 16 -1 6 10 -1 21 27 29 -1 6 -1 18 19 -1 7 21 24 26 28 -1
275 2 -1 2 10 -1 3 -1 20 26 29 -1 9 23 29 -1 26 28 -1
276 19 24 26 -1 24 -1 3 18 -1 12 -1 16 -1 11 -1 16 18 19 20 -1 28 29 -1 18 27 28 -1
277 26 29 -1 5 29 -1 1 -1 24 -1 0 15 19 26 -1 28 -1 20 -1 0 -1 29 -1 2 14 -1
278 23 -1 29 -1 3 17 -1
279 4 -1 29 -1 8 24 27 -1 9 17 -1 6 11 20 -1 14 20 -1 20 -1 14 27 -1 18 29 -1
280 13 -1 6 -1 12 18 21 -1 23 24 -1 6 10 28 -1 0 -1
281 0 -1 0 13 -1 13 -1 28 -1 20 27 -1 20 24 28 -1 22 -1
282 1 11 -1 10 -1 28 29 -1 1 7 21 -1 28 -1 25 -1 0 12 26 -1 29 -1 22 24 25 26 29 -1 18 -1 22 -1 0 -1 20 -1 2 7 -1 17 -1 24 25 -1
283 12 22 23 -1 10 -1 25 -1 25 -1 24 -1 24 -1 17 -1 0 29 -1 13 23 28 29 -1 17 23 -1 14 -1 8 20 -1 7 -1 4 -1
284 29 -1 20 24 -1 23 -1 16 -1 23 24 -1 19 -1 9 -1 12 -1 28 -1 27 -1 3 -1 12 23 -1
285 19 28 -1 24 -1 11 26 -1 16 28 29 -1 5 -1 28 -1
286 0 -1 8 29 -1 7 -1 23 -1 2 -1 12 -1 27 29 -1 29 -1 17 -1 3 -1 24 27 -1 8 17 -1 25 -1 28 29 -1
287 20 24 -1 7 -1 10 -1 27 28 -1 16 -1 2 -1 22 29 -1 5 -1 0 -1
288 26 27 29 -1 21 25 -1 28 -1 23 25 -1 1 -1 9 -1 7 25 -1 16 -1 6 16 -1 6 -1 17 -1 13 -1 0 -1 29 -1 11 -1 6 -1
289 27 -1
290 25 29 -1
291 13 -1 19 -1 14 23 24 28 29 -1 29 -1 28 29 -1 21 29 -1 26 27 29 -1 11 27 29 -1 29 -1 25 26 -1 19 -1
292 4 26 27 -1 10 16 -1
293 21 23 -1 9 26 27 -1 21 -1 2 -1 9 -1 26 -1
294 20 -1 9 19 23 25 29 -1 17 -1 25 -1 10 21 25 26 28 -1 0 -1 1 21 26 29 -1 11 23 -1 29 -1
295 14 -1 17 23 -1 4 -1 27 -1 4 21 -1 27 28 -1 21 -1 0 -1 2 -1 8 -1 11 -1 18 27 28 -1 10 -1
296 9 -1 0 -1 20 -1 9 -1 26 28 -1 19 23 27 29 -1 23 -1 6 27 -1 16 18 -1 20 -1 19 29 -1 27 -1 26 -1 20 -1 0 -1 18 23 -1
297 21 23 27 -1 21 26 29 -1 0 15 17 28 29 -1 8 -1 24 26 27 -1 12 -1 3 10 -1 9 19 -1 5 12 14 17 -1
298 23 24 25 -1 23 -1 7 17 25 -1 16 -1 12 23 -1 3 12 -1 22 -1 4 18 -1 17 26 -1
299 11 18 23 27 29 -1 27 29 -1 16 -1 29 -1 6 -1 2 9 -1 3 24 -1 20 -1 29 -1 5 -1 1 29 -1 12 -1 10 -1 16 -1 8 -1 5 -1 11 13 -1 14 -1
300 1 -1 10 29 -1 18 23 24 -1 4 -1 24 26 -1 18 -1 22 -1 14 -1 12 -1 22 26 27 28 29 -1 12 -1 11 27 -1
301 0 -1 5 -1 27 29 -1 6 -1 26 29 -1 9 12 -1 18 28 29 -1 28 -1 10 23 -1 9 14 27 -1
302 6 7 -1 3 16 26 28 -1 1 13 20 28 -1 14 -1 1 -1 0 17 20 27 -1 8 13 22 -1 5 26 29 -1 15 26 -1
303 3 17 -1 7 -1 25 27 28 29 -1 9 23 28 29 -1 15 -1
304 4 -1 2 17 25 -1 8 -1 17 20 25 -1
305 7 26 28 29 -1 4 14 -1 23 28 29 -1 24 28 -1 26 28 -1 7 26 -1 2 17 25 27 -1 4 19 22 -1 2 -1 8 -1 9 -1
306 28 29 -1 17 -1 24 -1 26 28 -1 15 -1 8 11 -1 11 -1 6 -1 2 16 22 28 29 -1 29 -1 4 -1 7 10 -1 3 20 28 29 -1 29 -1 3 -1 24 -1
307 0 18 21 22 -1 26 27 -1 7 21 22 24 28 -1 3 -1 29 -1 1 -1 28 -1 19 -1 3 -1 21 -1 16 22 27 -1 2 -1 2 -1
308 15 -1 8 16 -1 15 27 29 -1 18 23 27 29 -1 6 18 -1 8 -1 3 7 -1
309 6 22 25 -1 20 -1 28 -1 17 -1 24 28 29 -1
310 8 23 26 29 -1 8 18 -1 7 -1 10 -1 4 -1 0 -1 27 28 -1
311 8 -1 27 28 29 -1 25 -1 9 21 -1 16 -1 28 -1 5 22 -1 11 27 -1 1 -1 8 -1 8 -1 27 -1 23 24 -1 15 -1 3 -1 19 -1 11 -1 17 -1 5 -1 8 25 -1 8 11 -1
312 6 -1 11 25 -1 25 -1 11 -1 19 29 -1 8 16 22 -1 20 -1 4 -1 6 28 29 -1 23 28 -1 26 28 -1
313 22 26 -1 29 -1 13 -1 11 -1 12 -1 19 26 -1 10 28 -1 26 28 -1 24 25 -1 0 6 -1 19 -1 22 -1
314 20 22 -1 22 -1 28 29 -1 4 -1 13 21 -1 25 -1 12 28 29 -1 17 19 -1 0 29 -1
315 22 -1 14 23 -1 19 -1 5 -1 9 -1 24 27 28 29 -1 8 -1 5 -1 12 -1 2 8 11 -1 21 -1 0 -1 9 20 28 29 -1
316 26 27 -1 28 -1 2 -1 17 24 -1 6 13 -1 3 17 -1 24 28 29 -1 25 26 -1 20 21 -1 2 29 -1 19 -1 24 -1
317 23 25 26 -1 10 -1 24 -1 23 28 -1 26 27 -1 11 -1 2 28 29 -1 18 26 27 29 -1 3 -1
318 13 -1 0 -1 7 -1 26 -1 19 -1 28 -1 17 -1 28 -1 6 -1 4 -1
319 10 -1 28 -1 11 -1 26 -1 21 26 -1 14 18 -1 15 -1 26 29 -1 21 26 -1 23 -1
320 23 29 -1 27 -1 28 29 -1 9 -1 18 -1 22 -1 0 -1 11 15 20 -1 18 -1 3 -1 25 -1 15 28 -1 7 12 -1 4 -1 8 14 26 -1 6 9 -1
321 23 -1 28 29 -1 12 -1 0 -1 2 15 -1 28 -1 19 22 28 -1 28 -1 28 -1 14 24 26 28 -1 4 16 -1 3 22 -1 11 22 -1
322 9 14 -1 11 -1 8 -1 5 12 -1 24 28 29 -1 1 5 13 -1 29 -1 0 -1 7 -1 20 26 -1 1 -1 13 24 25 29 -1 18 -1
323 8 26 29 -1 2 -1 14 28 -1 25 27 -1 19 -1 24 -1 12 19 28 -1 29 -1 7 23 -1 24 -1 8 -1 19 -1 15 -1 18 -1 8 -1
324 5 -1 29 -1 9 29 -1 20 -1 28 -1 5 28 -1 3 -1 2 -1 12 -1 11 -1 25 -1 2 -1 29 -1 20 26 -1 26 28 -1 28 29 -1 4 -1
325 20 -1 6 -1 24 28 -1 7 23 27 28 -1 1 5 14 29 -1 20 -1 16 -1 21 29 -1 11 -1 10 -1 22 -1 11 16 -1 23 28 29 -1 15 -1 20 -1
326 26 29 -1 0 8 17 -1 14 -1 9 -1 7 15 26 28 -1 2 -1 13 29 -1
327 7 -1 0 12 20 23 27 28 -1 5 27 28 -1 13 15 26 -1 10 -1 2 -1 29 -1 5 13 -1 9 19 27 -1 3 -1
328 24 26 -1 11 23 26 -1 24 -1 4 16 22 -1 24 -1 17 21 -1 25 -1 3 -1 7 -1 1 12 -1 11 17 -1 23 -1 28 -1 20 -1 14 -1
329 19 -1 28 29 -1 0 29 -1 1 19 26 -1 4 8 12 22 -1 11 -1 23 25 28 -1 28 29 -1 9 11 21 -1 23 -1 29 -1 28 -1 28 -1 12 -1 15 -1
330 13 -1
331 7 16 -1 3 -1 15 -1 21 26 28 -1 7 14 -1 7 -1 9 -1
332 15 -1 2 23 -1 17 18 20 -1 20 22 23 -1 11 -1 9 23 25 -1 19 -1 25 -1 26 -1 15 22 23 -1 24 -1
333 29 -1 24 29 -1 25 -1 19 22 24 25 26 -1 12 25 29 -1 15 -1 25 29 -1 3 15 20 28 -1 24 25 29 -1 22 29 -1 10 -1 3 -1
334 15 19 28 29 -1 3 -1 29 -1 27 -1 5 22 29 -1 15 -1 16 25 27 -1 12 -1 1 2 22 -1 11 -1 29 -1 13 -1 29 -1 16 -1 17 23 -1 12 -1 9 -1 23 -1
335 4 11 12 19 25 -1 27 28 -1 27 28 29 -1 14 22 -1 15 24 -1 20 29 -1 15 20 -1 0 27 -1 14 -1 11 12 -1
336 12 16 -1 6 -1 19 -1
337 0 1 28 -1 25 -1 22 29 -1 10 -1 15 -1 5 14 -1 6 7 -1 16 -1 0 -1 26 -1 16 -1 22 -1 29 -1 16 29 -1 23 -1 21 -1 18 26 27 28 -1 13 -1 29 -1 18 -1
338 16 -1
339 13 29 -1 18 25 26 28 -1 16 19 27 -1 3 -1 18 21 -1 15 18 -1 2 -1 17 21 24 27 -1 23 26 -1 8 -1
340 20 25 26 -1 6 15 -1 19 24 -1 25 29 -1 25 -1 9 -1
341 23 -1
342 1 -1 28 29 -1 18 -1 16 -1 9 28 -1 16 -1 5 -1 15 -1 23 -1 15 18 -1 22 -1 4 25 26 29 -1 10 -1 15 22 25 -1 25 28 29 -1
343 20 23 -1 21 -1 16 -1
344 5 -1 17 25 -1 6 23 29 -1 16 -1 5 26 -1 6 14 21 28 -1 3 24 26 -1 28 -1 2 -1 12 -1 14 19 -1
345 14 16 18 -1 22 27 -1 5 22 28 29 -1 6 -1
346 21 26 -1 16 -1 22 -1 26 28 -1 9 11 -1 13 -1 2 -1 17 -1 18 -1 18 24 -1 26 -1
347 17 -1 8 -1 6 17 -1 19 29 -1 18 26 -1 11 18 -1 22 -1 12 27 -1 28 -1 24 27 29 -1 5 7 16 24 -1
348 28 29 -1 3 -1 26 -1 3 -1 16 -1 15 -1 10 -1 28 -1 13 26 28 29 -1 4 15 -1 25 29 -1 20 22 -1 6 15 -1 21 22 25 27 -1 3 -1 15 -1 6 -1
349 27 28 -1 27 -1 26 28 -1 12 -1 3 -1 26 -1 20 -1 10 -1 16 -1 20 -1
350 12 18 29 -1 0 4 -1 21 27 -1 19 21 -1 17 27 -1 25 27 -1 20 -1 29 -1 3 -1 28 -1 1 -1 25 27 29 -1 0 -1 7 -1
351 26 -1 21 23 -1 29 -1 8 22 23 25 -1
352 9 26 -1 26 -1 10 -1 12 -1 2 -1 9 -1 4 -1 3 7 16 -1 27 29 -1 6 -1 9 -1 5 9 -1
353 13 -1 26 -1 28 29 -1 16 26 -1 4 13 -1 4 -1 22 26 -1 14 -1 11 -1
354 29 -1 24 29 -1 27 -1 10 14 19 -1 25 -1 9 22 -1 14 21 -1 20 24 28 -1 1 -1 13 20 -1 9 -1 24 27 -1 8 -1 11 -1 19 29 -1
355 10 -1 15 17 -1 7 -1 13 21 29 -1 27 28 29 -1 16 22 -1 18 27 -1 26 28 -1 9 -1
356 25 29 -1 4 -1 11 -1 28 -1 16 22 -1 19 -1 1 -1 5 7 9 -1 26 -1 25 -1 27 29 -1 2 -1 17 20 -1 5 6 -1 8 19 -1 26 27 -1
357 7 12 -1 28 29 -1 23 -1 17 20 -1
358 16 -1 26 27 28 -1 7 23 -1 19 -1 17 -1 25 -1 18 20 -1 8 -1
359 14 19 23 27 -1 4 -1 25 -1
360 28 29 -1 5 -1 9 -1 26 28 -1 16 -1 15 28 -1 11 -1 9 -1 26 27 -1 21 -1 18 -1 5 24 25 -1 19 -1
361 0 28 29 -1 2 29 -1 12 -1 4 -1 17 27 29 -1 12 -1 18 -1 21 -1 7 -1 28 -1 25 28 -1
362 23 -1 2 -1 8 -1 7 16 21 -1 14 -1 4 -1 6 22 29 -1 28 29 -1 28 29 -1
363 2 21 -1 4 -1 27 -1 9 -1 26 -1 10 -1 2 -1 23 -1 11 -1 16 -1 22 27 -1 3 20 -1 7 24 -1 1 -1 9 -1 21 24 -1
364 24 26 28 29 -1 4 -1 0 20 -1 16 -1 29 -1 11 26 -1 3 17 21 27 -1 18 22 -1 24 28 29 -1 25 29 -1
365 15 28 29 -1 24 26 28 -1 6 9 -1 4 28 -1 14 21 22 -1 13 -1 4 27 -1 18 27 -1 26 29 -1 14 22 -1 3 -1 0 -1
366 22 26 -1 28 -1
367 8 28 29 -1 16 19 27 29 -1 16 -1 11 -1 5 -1 12 21 -1 4 -1
368 21 -1 1 -1 13 23 -1 29 -1 16 -1 25 -1
369 27 29 -1
370 16 24 27 -1 8 14 -1 7 -1
371 18 -1 18 -1 16 21 -1 21 28 -1 6 -1 11 13 -1 14 -1 5 -1 5 -1 21 -1 17 -1 6 12 -1 5 -1 4 12 -1 2 12 -1
372 26 28 -1 19 26 -1 1 7 -1 3 23 26 -1 20 -1 15 18 26 -1 24 -1 14 -1 29 -1 3 -1 17 26 -1 9 26 -1 27 28 29 -1
373 6 -1 13 -1 3 23 28 -1 7 -1 1 -1 11 -1 11 -1 9 -1 27 28 29 -1 16 -1 27 -1 25 29 -1 14 16 -1
374 15 24 27 29 -1 15 22 -1
375 21 -1 13 19 -1 13 -1 5 7 21 -1 22 26 27 29 -1 17 -1 6 14 -1 5 -1 11 -1 3 18 -1 28 -1 7 -1 26 -1 11 16 -1 2 4 -1 28 -1
376 12 15 -1 21 23 -1 0 -1 12 -1 7 27 28 29 -1 29 -1 28 29 -1 3 15 -1
377 14 21 25 28 29 -1 28 -1 27 29 -1 5 -1 13 -1 19 -1 25 29 -1 20 22 -1 25 -1 12 -1
378 21 29 -1 27 -1 26 -1 12 -1 7 11 15 18 25 29 -1 23 -1 9 -1 10 22 23 -1 14 -1 15 -1 6 -1 24 25 26 27 28 -1
379 26 29 -1 0 -1 27 -1 29 -1 14 -1 0 22 23 -1
380 27 -1 28 -1 21 28 -1 17 -1 4 -1 10 -1 24 -1 22 -1 13 -1 16 27 29 -1
381 23 -1 11 16 -1 0 -1 7 -1 13 29 -1 5 12 -1 4 -1 6 11 -1 0 4 -1 25 29 -1 24 29 -1 24 -1 8 -1 15 22 -1 1 -1 29 -1 19 24 25 -1
382 1 26 -1 14 25 -1 7 23 -1 5 26 29 -1 22 24 29 -1 5 -1 27 28 -1 22 -1 25 -1
383 24 -1
384 5 -1 9 15 28 -1 24 -1
385 28 29 -1 9 -1 26 -1 15 -1 15 17 -1 8 23 -1 11 -1 10 -1 8 21 -1 0 -1 12 17 25 -1 12 21 22 -1 15 28 29 -1
386 25 27 -1 5 11 27 29 -1 27 -1 5 6 -1 9 -1 17 23 24 -1 0 9 -1 19 26 -1 13 -1 23 -1 29 -1
387 13 22 -1 15 24 -1 11 -1 14 -1 21 -1 4 28 29 -1 20 26 -1
388 7 -1
389 23 27 -1 27 29 -1 28 -1 23 -1 15 23 -1 18 -1 28 29 -1 8 11 21 26 -1 9 -1 7 -1
390 27 28 -1 28 29 -1 12 -1 2 7 21 -1 27 28 -1 24 -1 20 23 27 29 -1 3 -1 25 -1 0 29 -1 19 -1 7 27 29 -1 9 -1
391 27 29 -1 13 21 -1 24 -1 17 -1
392 16 19 29 -1 24 27 -1 23 -1 3 -1 23 -1 23 24 -1 18 -1 22 -1
393 25 -1 6 -1 21 29 -1 11 23 25 -1 0 -1 16 -1 20 -1 23 28 -1
394 12 -1 1 23 -1 1 -1 28 -1 2 28 29 -1 24 -1 25 -1 17 -1 2 -1 22 -1 8 22 23 -1 16 -1 25 -1 28 29 -1
395 5 8 -1 4 5 20 -1 15 29 -1 25 28 -1 12 -1 1 -1 20 -1 3 -1 21 24 -1 19 -1
396 18 19 -1 3 14 19 22 28 29 -1 3 -1 29 -1 11 27 -1
397 8 29 -1 20 -1 29 -1 20 -1 28 -1 20 -1 4 -1 13 16 -1 28 -1 27 -1
398 27 29 -1 7 24 26 -1 22 29 -1 6 -1 27 -1 6 17 24 -1
399 28 29 -1 10 -1 29 -1 18 -1 16 23 27 -1 2 17 -1 26 29 -1 29 -1 17 -1 24 -1 4 27 -1 9 27 -1 15 -1 8 24 27 -1
400 4 -1 3 -1 23 29 -1 18 -1 9 -1 2 -1 0 18 -1 8 16 22 24 -1 9 -1 27 29 -1 27 -1 12 29 -1 0 -1 17 23 27 28 -1
401 16 -1 1 10 -1 27 28 -1 16 -1 15 19 24 -1
402 12 -1 9 -1 29 -1
403 0 21 28 -1 24 28 29 -1 10 -1 0 -1 4 -1
404 4 10 18 22 -1 22 -1 23 27 -1 21 26 -1 9 21 23 25 -1 16 -1 19 24 -1 16 28 -1 26 28 -1 4 -1
405 1 2 -1 8 10 -1 21 22 -1 16 -1 21 -1 28 29 -1 21 26 -1 0 16 -1 14 -1 24 29 -1 2 15 21 27 -1 8 23 -1 16 -1 25 -1 20 28 29 -1
406 25 -1 25 -1 24 29 -1 25 -1 13 15 -1 2 -1 17 -1 2 24 -1 8 -1 8 21 29 -1 0 19 24 -1 7 -1 19 -1 10 -1 7 21 24 28 -1 3 27 29 -1
407 3 26 28 -1 9 13 -1 26 -1 16 -1 28 29 -1 29 -1 3 -1
408 15 24 28 29 -1 24 25 -1 0 -1 4 -1 29 -1 26 -1 22 28 -1 24 -1 20 23 27 -1 17 23 29 -1 7 -1 4 28 -1
409 17 18 -1 16 20 27 29 -1 3 17 -1 20 29 -1 13 -1 10 17 23 25 29 -1 17 25 29 -1 22 -1
410 28 29 -1 26 28 29 -1 21 23 -1 1 28 -1 21 -1 2 15 19 23 -1 10 -1 14 -1 15 -1 16 -1 1 -1 2 27 -1
411 27 29 -1 22 -1 15 -1 18 -1 0 -1 20 23 28 29 -1 25 -1 24 27 -1 17 -1 14 28 -1
412 8 10 -1 28 -1 6 13 27 -1 7 -1 22 -1 0 27 -1 24 -1 17 25 -1 29 -1 12 -1
413 10 -1
414 4 -1 4 15 -1 7 26 29 -1 1 17 28 -1 24 -1 8 26 -1 3 5 -1 20 -1 0 -1 5 24 29 -1
415 7 -1 25 29 -1 17 -1 27 -1
416 11 -1 24 28 -1 7 -1 5 -1 16 -1 27 28 -1 0 22 25 27 -1 14 -1 12 19 23 -1 26 28 -1 17 27 -1 0 -1 19 -1 20 -1 27 -1 26 -1
417 12 -1 21 24 26 -1 2 25 -1 23 -1 22 -1 1 21 26 -1 20 -1 1 9 23 -1 22 -1 25 26 -1 10 13 21 -1
418 7 -1 27 29 -1 5 10 14 -1 1 27 -1 8 -1 1 -1 29 -1 27 -1 13 26 -1 17 -1 3 -1 24 25 -1 23 -1 21 -1 19 25 -1 26 -1 12 -1 24 -1 20 -1 13 24 -1
419 4 -1
420 23 -1 29 -1 2 6 26 -1 14 25 -1 16 -1 20 -1 17 19 25 26 29 -1 10 -1 10 -1 1 27 28 -1 16 29 -1 14 -1 0 -1 4 8 -1
421 7 -1 25 29 -1 17 -1 18 -1 26 28 29 -1 22 23 27 29 -1 10 28 -1 4 11 -1 4 17 25 28 29 -1
422 6 -1 1 -1 10 -1 16 -1 29 -1 5 -1 16 -1 12 23 -1 19 -1 16 -1
423 4 19 25 28 29 -1 18 -1 4 19 27 -1 4 -1 25 -1 0 -1 25 -1 17 29 -1 9 -1 16 -1 1 9 13 -1 18 -1 3 -1 22 24 -1 21 -1
424 2 -1 17 -1 15 -1 17 -1 28 -1 15 22 -1 29 -1 1 -1 12 26 -1 0 25 -1
425 23 -1 20 24 -1 12 27 -1 2 17 22 -1 1 7 -1 17 20 22 28 29 -1 5 -1 13 22 -1 1 24 25 27 28 -1 2 -1 6 14 -1
426 16 -1 11 12 23 28 29 -1 4 20 -1 9 29 -1 2 -1 3 16 28 29 -1 26 -1 18 29 -1 7 -1 8 -1 12 -1
427 10 -1 19 -1
428 24 28 -1 22 24 28 -1 7 22 -1 18 29 -1 13 27 28 -1 26 28 29 -1 19 29 -1 19 -1
429 27 28 -1 1 7 15 20 -1 8 -1 27 -1 15 -1 10 15 -1 17 -1 24 -1 1 -1 3 15 18 -1 28 29 -1 17 -1 3 -1
430 27 -1 15 23 26 -1 13 26 -1
431 9 14 -1 9 16 -1 4 -1 12 -1
432 26 29 -1 11 -1 2 -1 2 -1
433 11 -1 8 -1 24 28 -1
434 15 -1 20 -1 0 18 29 -1 16 -1 2 -1 2 -1
435 20 -1 10 -1 17 28 29 -1 8 9 -1 2 9 -1 3 -1 21 23 29 -1 16 -1 7 -1
436 9 -1 21 25 -1
437 28 29 -1 28 29 -1
438 11 -1 13 17 -1 12 -1 17 19 -1 14 21 22 -1 21 23 28 29 -1 19 21 -1 20 -1
439 25 26 28 29 -1 7 -1 19 -1 17 25 -1 7 16 18 23 24 28 29 -1 15 -1 10 -1 1 -1
440 7 -1 23 29 -1 9 -1 23 -1 25 28 -1 19 -1 29 -1 5 7 -1 27 29 -1
441 20 25 -1 7 -1
442 4 -1
443 29 -1 6 -1 27 28 -1 27 -1 2 12 22 23 -1
444 4 5 8 17 27 -1 10 18 -1 24 29 -1 13 29 -1 17 -1 1 -1 10 25 -1
445 19 -1 21 -1 1 9 -1 18 29 -1 9 -1 8 19 24 -1 8 -1 27 -1 26 -1 6 18 22 27 -1 12 24 25 26 -1 6 -1 22 -1 24 -1 26 28 29 -1
446 29 -1 8 -1 4 27 29 -1 29 -1 3 -1 7 -1 23 -1 13 20 -1 26 -1 6 9 27 -1 26 -1
447 12 29 -1 0 17 -1 28 -1 20 28 29 -1 28 29 -1 6 7 20 -1
448 20 -1
449 2 -1 17 -1 26 29 -1 8 19 -1 19 22 -1 5 11 -1 23 -1 29 -1 9 15 22 25 -1 28 -1 19 -1 8 -1 15 -1 13 16 28 -1 23 28 -1
450 19 21 25 28 -1 3 -1 29 -1 14 20 -1 7 16 26 27 -1 17 -1 6 -1
451 0 27 28 29 -1 5 -1 8 -1 28 29 -1 6 14 17 -1 10 -1
452 8 -1 7 28 29 -1 10 29 -1 15 24 -1 22 28 29 -1 4 -1 23 -1
453 3 11 -1 7 27 28 -1 20 -1 14 21 24 -1 27 -1 14 -1
454 27 -1 3 8 19 22 29 -1 25 -1 12 -1 13 -1 26 -1 27 -1 23 -1 4 15 25 -1 17 18 -1
455 24 -1 9 -1 2 -1 2 12 17 24 25 27 -1 28 -1 12 -1 6 25 28 -1 8 21 27 -1 12 26 -1 4 8 -1 8 -1 1 17 20 24 27 29 -1
456 8 -1 3 29 -1 24 29 -1 29 -1 10 -1 10 13 -1
457 6 22 26 -1 19 -1 14 22 24 26 29 -1 27 -1 26 28 -1 1 -1 1 -1 25 -1 2 -1 29 -1 5 -1 4 9 -1 28 -1 27 -1
458 1 -1 5 -1 10 24 26 -1 20 23 24 -1 28 29 -1 21 -1 9 21 -1 26 28 29 -1 19 21 -1 14 16 23 -1
459 12 22 27 -1 22 25 27 -1 13 -1 9 23 29 -1 19 -1 21 -1 22 29 -1 8 -1
460 18 19 20 29 -1 19 25 -1 18 -1 0 -1 15 -1 27 -1 16 -1 7 -1 6 -1 6 -1 29 -1 24 -1
461 8 10 -1 6 11 -1 2 -1 18 -1 29 -1 1 -1 7 27 -1 20 -1 6 15 -1 20 -1 0 -1 15 -1 14 15 -1 24 25 27 -1 12 29 -1 16 18 26 -1 10 -1 9 12 -1
462 6 -1 4 -1 10 25 -1 27 -1 14 -1 19 23 -1 16 26 29 -1 5 29 -1 20 25 -1 21 26 27 -1 20 -1 6 -1 0 -1 19 20 -1 6 29 -1 2 -1
463 29 -1 15 -1 0 -1 1 -1 11 -1 24 -1 21 -1
464 15 27 -1 24 25 28 -1
465 19 -1 0 25 -1 27 29 -1 1 16 -1 16 19 -1 15 -1 11 17 -1 14 -1 8 25 -1 26 -1 18 -1 9 -1
466 26 29 -1 25 -1 4 -1 2 -1 10 12 13 25 -1 3 -1 11 16 -1 21 -1 29 -1 21 25 -1
467 22 -1 3 -1 6 -1 14 16 23 25 27 28 29 -1 20 29 -1 10 19 -1 6 28 29 -1 23 -1
468 2 19 24 -1 22 -1 23 24 -1 7 14 22 23 -1 18 -1 19 23 27 29 -1 21 -1 6 -1 22 -1 16 -1 25 -1 28 -1 6 24 -1 18 21 -1 21 -1 7 22 -1 7 -1
469 14 17 19 21 27 -1 27 29 -1 6 28 -1 26 27 29 -1 14 18 19 -1 26 -1 29 -1 24 25 28 29 -1 2 29 -1 20 22 -1 3 -1
470 20 -1 7 25 -1 16 -1 5 7 -1 1 -1 3 -1 6 -1
471 5 -1 18 28 29 -1 8 20 -1 6 -1 25 27 -1 15 29 -1 23 25 26 27 29 -1 15 -1
472 25 -1 29 -1 22 26 -1 25 28 -1 18 -1 15 -1 3 17 -1 4 -1 12 -1
473 11 17 25 -1 18 19 -1
474 27 -1 15 16 28 -1 16 -1 28 -1 16 21 23 26 -1 23 25 -1 22 27 29 -1 22 -1 15 17 -1 28 -1 25 -1 3 -1 9 -1
475 24 -1
476 10 23 25 26 27 -1 12 -1 5 -1 2 -1
477 1 -1
478 29 -1 9 -1 22 -1 11 -1 5 -1
479 29 -1 1 -1 15 -1
480 24 25 28 -1 19 -1 1 14 26 -1 23 26 27 29 -1 9 -1 12 13 26 -1 15 17 -1 6 13 18 22 25 28 29 -1 16 -1
481 18 -1 10 12 -1 17 -1 24 28 29 -1 16 -1 21 23 -1 0 -1 22 26 -1 18 -1 8 -1 4 19 22 24 27 29 -1 5 29 -1 16 -1
482 29 -1 4 28 -1 10 22 29 -1 21 -1 3 -1 14 -1 20 24 25 26 28 -1 12 -1 21 -1 24 -1 8 -1 4 29 -1 29 -1
483 2 -1 1 6 -1 24 -1 16 27 -1 20 -1 26 29 -1 9 13 -1 28 29 -1 28 29 -1 15 22 -1
484 9 21 25 28 -1 2 11 19 -1 3 21 28 29 -1 10 -1 13 -1 17 22 -1 19 -1 28 -1 29 -1 10 28 29 -1 24 -1 8 14 21 -1 21 27 -1 26 -1 26 -1
485 13 -1 16 18 25 -1 1 -1 28 -1 1 7 -1 8 16 20 -1 17 24 28 29 -1 23 -1
486 25 26 -1 5 -1 13 21 28 -1 11 -1 29 -1 4 -1 6 -1 23 -1 27 -1 12 17 -1 0 13 15 -1 10 -1 13 23 -1 3 5 16 -1 28 -1 29 -1 0 -1 10 16 -1
487 22 -1 6 -1 15 -1 23 27 29 -1 4 18 -1 12 -1 5 11 21 23 28 29 -1 26 27 -1 2 -1 21 -1 26 -1 4 -1 8 -1 28 -1 27 28 -1 9 -1
488 16 18 23 28 29 -1 15 21 22 -1 20 -1 2 29 -1 24 28 -1 5 14 -1
489 26 28 29 -1 14 -1 13 27 28 29 -1 27 -1 17 -1
490 8 15 16 -1 11 24 -1 19 -1 29 -1 11 13 -1 27 29 -1 16 18 -1 4 -1 13 -1 7 -1 17 20 22 -1 8 28 -1 13 -1 2 19 26 -1
491 27 29 -1 15 23 -1 18 23 -1 29 -1 26 28 29 -1 23 29 -1 7 -1 18 -1 18 -1 12 23 24 25 -1 28 -1 4 9 -1
492 22 25 -1 12 -1 10 23 -1 5 27 -1 21 29 -1 9 25 27 -1 19 -1 23 29 -1 20 -1 2 15 20 21 -1
493 18 28 -1
494 10 -1 10 -1 19 21 22 -1 2 16 -1 6 24 26 -1 24 -1 25 -1 18 -1 20 -1 13 27 28 29 -1 10 -1 25 -1 23 -1 2 -1 12 -1
495 27 -1
496 22 -1 4 25 29 -1 19 21 27 -1 18 19 21 -1 12 16 20 28 -1 23 29 -1 6 -1 7 -1
497 19 -1 25 -1 2 -1 6 19 -1 21 27 29 -1 3 -1 8 -1 2 -1 12 -1 21 28 -1 27 -1 15 26 -1 25 -1
498 24 27 -1 14 22 -1 4 -1 8 -1 5 -1 10 -1 9 20 -1 24 -1 24 27 -1 7 11 28 -1 17 -1 12 -1 19 28 -1 24 -1
499 23 -1 8 -1 25 -1 8 -1 1 27 -1 6 -1 6 -1 21 -1 11 -1 24 27 -1 2 -1 0 14 20 -1 8 26 29 -1 10 29 -1 10 -1
500 3 -1 22 25 -1 8 14 -1 6 -1 16 -1 9 13 -1 25 27 28 -1 7 28 -1
501 5 -1 8 25 -1 12 16 22 26 29 -1 0 13 20 21 28 29 -1 0 19 -1 13 23 25 26 27 28 -1
502 12 22 -1 28 29 -1 18 -1 9 -1 18 24 -1 7 28 29 -1 22 -1 17 -1 24 27 -1 25 28 29 -1 16 -1 23 -1
503 2 -1 15 -1 11 -1
504 27 28 29 -1 15 -1 11 25 29 -1 17 -1 14 -1 25 -1 13 15 27 -1 7 13 -1 5 -1 16 -1 16 -1 12 20 27 -1 22 -1 27 -1 20 27 29 -1 29 -1 22 -1
505 17 -1 11 -1 24 -1 19 -1 0 -1 28 29 -1 27 -1 17 -1 8 -1 22 -1 14 22 -1 19 -1 3 15 17 22 23 25 29 -1
506 28 -1 23 26 28 -1 24 26 -1 26 28 29 -1 6 25 27 28 -1 3 -1 7 -1 22 26 -1
507 6 25 -1 4 14 29 -1 15 -1
508 23 -1 6 27 -1
509 8 -1 20 24 -1 0 -1 16 -1 28 29 -1 28 29 -1 6 -1 5 9 -1
510 22 -1 25 -1 9 21 -1 4 -1 2 9 19 26 27 29 -1 3 -1 9 -1 3 28 29 -1 22 24 -1 29 -1 21 23 28 -1 19 29 -1 4 -1 18 25 -1
511 2 -1 27 28 29 -1 2 -1 21 23 -1 12 28 -1 11 25 26 -1 10 19 -1 13 -1 20 -1 7 27 28 -1 8 22 29 -1 8 -1
512 13 -1 11 29 -1 7 -1 17 -1 18 -1 18 -1 19 25 26 -1
513 2 28 -1 10 -1 11 -1 27 -1 14 -1 17 -1 5 -1 21 -1
514 27 -1 22 -1 13 -1 17 18 29 -1 22 -1 27 28 29 -1 21 27 28 -1 27 29 -1 0 -1 18 -1 21 27 -1 7 26 28 29 -1 13 -1 12 -1 24 26 29 -1 7 -1
515 28 -1 11 -1
516 29 -1 11 24 -1 0 -1 15 -1 7 -1 26 28 29 -1 14 25 27 28 -1 6 28 29 -1 12 23 -1 25 27 29 -1 26 27 28 29 -1 4 19 20 28 -1
517 8 11 14 20 24 29 -1 3 15 22 26 28 -1 24 -1 9 -1 11 28 -1 15 -1 13 -1
518 21 -1 16 17 18 24 -1 14 -1 17 21 -1 17 -1 29 -1 14 -1 7 18 25 -1 2 -1 15 18 -1 11 29 -1 14 22 -1 26 -1 9 -1 29 -1 12 -1 7 14 -1 0 -1
519 3 -1 28 29 -1 4 -1 27 -1 4 8 -1 1 14 -1 4 -1 19 -1 2 21 -1 23 -1 16 26 28 -1 22 -1 17 -1
520 1 -1 21 -1 17 -1 22 -1 9 16 -1 13 20 -1 4 -1 24 -1 5 -1 17 -1 12 -1 5 -1 17 -1 24 -1 14 26 -1 26 -1 2 -1 10 -1
521 6 18 -1 28 29 -1 11 28 29 -1 8 12 13 28 29 -1
522 17 -1 26 -1 7 9 20 26 -1 28 29 -1 2 -1 11 -1 18 -1 22 -1 1 -1 13 -1 17 -1 2 7 -1 22 -1 29 -1 8 -1 10 19 24 -1 28 29 -1 11 -1
523 12 -1 4 16 29 -1 18 -1 28 29 -1 20 -1 9 -1 20 -1 2 -1 18 26 -1 29 -1 25 -1
524 24 25 26 -1 16 -1 18 -1
525 0 -1 9 27 29 -1 24 26 28 -1 8 22 25 27 29 -1 15 19 24 26 29 -1 5 23 -1 28 29 -1 15 19 -1
526 29 -1 13 -1 27 29 -1 20 26 28 29 -1 17 28 -1 24 -1 5 -1 16 20 -1 19 -1 12 -1 29 -1 24 -1 10 15 23 -1
527 23 -1 1 -1 5 -1 20 23 -1 26 -1 28 -1 29 -1 28 29 -1 19 -1 9 19 27 -1 13 -1
528 22 -1 14 -1 7 17 -1 2 10 -1 11 12 23 -1 19 -1 29 -1 0 28 29 -1 15 22 25 27 -1
529 6 -1 2 -1 21 -1 18 -1 14 -1 7 -1 20 23 -1 0 13 -1 26 -1 14 26 27 -1 9 16 -1 13 -1 8 14 29 -1 9 27 -1 5 16 -1 27 29 -1 1 -1 9 -1
530 15 29 -1 12 -1 21 28 -1 22 -1 27 -1 10 -1 14 -1 3 5 12 -1 4 -1 1 -1 26 28 -1
531 3 -1 4 21 23 -1 23 29 -1 26 29 -1 17 -1 0 23 -1
532 9 -1 19 -1 12 -1 10 -1 19 -1 26 27 -1 4 -1 15 -1 13 -1 8 16 19 -1
533 12 16 19 -1 3 28 -1 15 -1 2 -1 27 29 -1 1 9 -1 18 -1 5 -1 4 -1 4 27 -1 17 28 -1 27 28 -1 12 18 21 -1
534 14 28 29 -1 12 -1 1 27 -1 13 21 -1 19 20 28 -1 15 25 26 -1
535 29 -1 24 -1 1 24 27 -1 9 -1 24 27 28 29 -1 15 -1 3 24 -1 16 -1 28 29 -1 13 26 27 -1 22 -1 18 19 -1
536 17 -1 8 15 16 -1 3 24 28 -1 15 28 29 -1 17 23 -1 12 -1 0 -1 26 27 -1 3 -1 12 -1 1 7 21 26 -1 21 25 28 -1
537 17 -1 0 -1
538 27 -1 14 -1 25 28 29 -1 26 28 -1 5 24 27 28 29 -1 18 22 29 -1 19 -1 26 -1 6 -1 0 -1 10 -1 6 -1
539 29 -1 17 -1 10 27 28 29 -1 3 11 -1 19 28 -1 8 14 -1 29 -1 15 -1 24 25 -1 12 14 19 20 -1 23 -1 1 22 23 -1 25 -1
540 11 21 -1 2 -1 22 24 29 -1 9 24 27 -1 23 25 -1
541 25 -1 6 -1 6 -1 19 22 27 -1 28 29 -1 14 -1 22 -1
542 25 26 27 -1 22 25 -1 3 -1 8 -1 2 -1
543 6 -1 9 14 -1 15 -1 28 29 -1 11 22 -1 5 23 26 27 -1 17 -1 3 -1 2 9 -1 3 -1 13 -1 26 -1 29 -1 20 -1 12 27 -1 14 -1 1 24 -1 14 -1
544 23 -1 21 -1 27 29 -1 8 -1 21 -1
545 16 -1
546 21 -1
547 26 -1 9 18 25 -1 28 29 -1
548 0 20 -1
549 24 26 -1 1 28 -1 24 27 -1 27 -1 23 -1 28 29 -1 10 -1 27 28 -1 26 29 -1 9 -1
550 22 25 27 -1 22 -1 9 26 28 29 -1 20 -1 29 -1 7 -1 9 20 26 -1 15 27 29 -1 21 25 26 -1 27 29 -1 11 21 -1 9 -1 6 -1 15 -1 5 13 -1
551 11 12 19 29 -1 17 27 28 -1 28 -1 19 -1 15 -1 28 -1 18 29 -1 15 18 27 -1 10 -1 2 -1 15 21 28 -1 28 29 -1 6 26 -1 17 -1 2 -1
552 11 -1 26 27 28 29 -1 0 26 29 -1 19 -1 12 22 23 27 -1 8 27 29 -1 23 -1 26 -1 4 -1 19 29 -1 18 -1 25 -1 1 4 -1
553 2 -1 2 -1 9 -1 20 -1 22 29 -1 29 -1 25 -1 24 27 -1 29 -1 29 -1
554 1 -1 28 -1 4 -1 14 -1 29 -1 8 14 -1 3 -1 22 -1 12 21 -1
555 7 -1 7 -1 5 -1 25 26 27 28 29 -1 29 -1 14 -1 21 23 -1 15 -1
556 8 13 21 -1 20 22 23 25 26 28 29 -1 13 -1 8 27 -1 5 23 -1 11 -1 12 -1 15 -1 22 27 29 -1 3 -1 15 -1 12 28 -1 0 -1
557 24 26 28 -1 7 -1 13 23 -1 22 -1 9 -1 4 14 21 26 -1 16 -1 2 10 20 26 -1 29 -1 8 20 -1
558 17 27 -1 20 -1 29 -1 0 -1
559 1 10 -1 8 -1 22 27 29 -1 17 29 -1 26 -1 13 29 -1 8 -1 2 -1 21 29 -1 12 -1 27 -1
560 21 23 -1
561 3 16 -1 22 29 -1 5 -1
562 9 29 -1
563 29 -1 22 -1 8 -1 26 29 -1 25 27 28 -1 28 -1 10 -1 29 -1 13 18 -1 28 -1
564 0 -1 26 -1
565 4 -1 27 -1 26 29 -1 5 15 -1 15 19 -1 12 28 29 -1
566 1 29 -1 16 -1 15 19 -1 24 27 29 -1
567 25 28 29 -1 8 -1 4 -1
568 24 -1 27 -1 3 -1
569 24 -1 14 19 -1 13 -1 28 -1 13 -1 13 25 28 -1 28 -1
570 11 -1 19 -1 23 29 -1 0 3 -1 25 -1 9 15 -1 7 14 19 -1 27 28 -1 24 26 28 -1 7 26 27 29 -1 5 -1 19 -1 12 -1
571 7 23 25 -1 24 28 -1
572 18 -1 2 10 -1 12 16 -1 2 -1 26 29 -1 12 26 28 -1 10 28 29 -1 13 23 26 28 29 -1 17 21 -1 27 29 -1 2 24 -1 18 -1 11 -1
573 9 -1 3 10 17 -1 14 22 -1 14 29 -1 2 -1 1 -1 10 14 22 24 25 -1 20 24 26 27 -1 10 27 29 -1 15 -1 28 -1 6 16 -1
574 12 22 -1 12 18 -1 5 -1 17 18 -1 22 23 27 29 -1 7 -1 12 -1 5 10 -1 25 -1 29 -1
575 22 -1
576 2 23 29 -1
577 11 21 29 -1 8 25 -1 26 -1 8 18 29 -1
578 25 -1
579 9 28 29 -1 22 -1 27 -1 24 -1 21 24 -1 28 29 -1 9 25 -1 25 29 -1 4 15 16 -1 21 -1 17 -1
580 4 24 -1 21 -1 14 15 19 -1
581 20 28 -1 23 29 -1 0 -1 27 -1 10 11 -1 22 24 25 -1 12 26 28 29 -1 13 -1 17 -1 0 19 -1
582 5 -1 9 18 -1 21 29 -1 27 28 -1 28 -1 1 29 -1 19 -1
583 22 -1 16 -1 9 -1 22 23 28 -1 8 -1 15 25 -1 7 -1 29 -1
584 24 28 29 -1 12 -1 8 -1
585 1 9 26 -1 11 -1 14 15 -1 26 -1 24 28 -1 10 15 18 28 29 -1 1 -1 29 -1 5 -1 4 27 29 -1
586 14 -1 26 28 -1 21 -1 8 24 29 -1 9 -1 27 -1 8 -1
587 25 -1 15 23 27 29 -1 28 29 -1 3 -1 11 -1
588 6 -1 16 29 -1 15 -1 19 -1 19 29 -1 4 -1 1 11 -1 7 13 -1 1 14 29 -1 28 -1 4 -1 24 -1 20 23 25 -1
589 11 20 -1 17 -1 20 25 26 -1 8 11 -1 20 24 28 29 -1 22 -1 9 21 28 29 -1 27 -1 4 10 -1 6 -1 22 -1
590 10 -1
591 23 -1 4 -1
592 16 18 19 25 28 -1 2 26 -1 27 29 -1 11 -1 2 7 14 24 -1 7 29 -1 29 -1 8 -1 17 20 24 -1
593 15 19 24 -1 12 -1 6 -1 10 28 29 -1 10 -1 24 -1 20 -1 8 26 -1 4 -1 4 27 29 -1 28 29 -1 18 23 -1 22 -1 1 11 -1 11 -1 6 -1 5 -1
594 4 29 -1 25 28 -1 8 15 -1 22 29 -1 29 -1 8 -1 12 -1 25 27 -1 20 -1
595 29 -1 28 -1 25 -1 17 -1 14 25 28 -1 23 -1
596 11 18 22 24 28 29 -1 26 -1 1 14 21 -1 5 11 25 -1 3 28 29 -1 22 27 -1 7 14 16 -1 23 -1 17 -1 18 -1 27 -1
597 9 18 27 -1 7 15 25 28 -1 5 -1 23 -1 22 -1 16 20 -1
598 16 27 29 -1 16 -1
599 21 -1 1 -1 11 27 -1 25 -1 5 8 -1 20 -1 25 27 28 29 -1 21 22 -1 11 18 -1 11 18 -1
600 10 -1 10 -1 9 -1 9 -1
601 18 28 29 -1 0 21 -1 25 27 -1 26 -1 9 12 -1 18 28 -1 24 -1 17 -1 13 17 -1 19 26 27 28 29 -1 15 19 28 -1
602 3 -1 6 -1 3 29 -1 1 4 -1 6 -1 19 -1 24 -1 0 3 14 -1 11 14 -1 28 -1 20 27 -1 18 19 28 -1 16 29 -1 13 -1 11 -1
603 22 27 -1 14 -1 3 -1 9 -1
604 27 28 29 -1 18 -1
605 11 -1 18 23 -1 5 26 -1 27 -1 18 21 -1 0 -1 29 -1 18 26 -1 10 -1 13 -1 14 27 29 -1 12 -1 18 25 -1 14 21 23 -1 18 -1
606 20 28 -1 18 20 28 29 -1 8 9 14 -1 8 21 23 28 29 -1 3 26 -1 2 -1 25 -1
607 26 27 29 -1 7 -1 29 -1 10 -1 6 29 -1 22 -1 9 -1 2 17 20 26 29 -1 6 -1 9 26 -1
608 29 -1 23 -1 23 -1 18 24 -1 11 -1 1 22 -1 21 25 -1 14 -1 10 11 21 -1 0 28 -1 15 -1 5 -1 8 23 -1 25 -1 5 20 23 24 -1 17 -1 7 20 -1 2 -1
609 0 1 -1 23 24 25 -1 6 20 -1 15 24 -1
610 23 -1 15 20 -1 17 23 -1
611 1 -1 11 -1 10 15 -1 24 -1 17 -1 26 -1 25 26 -1 24 -1 7 21 23 25 26 -1 2 4 6 -1 28 29 -1 10 23 24 28 -1 7 -1 24 -1
612 6 22 -1 0 -1 16 -1 8 27 29 -1 23 25 -1 16 27 28 29 -1 0 3 -1 8 25 -1 11 -1 2 -1
613 19 21 -1 25 29 -1 27 -1 10 -1 24 -1 3 -1 20 28 -1 26 -1 25 26 -1 26 27 28 -1 21 -1 8 -1 16 -1 7 -1 26 27 29 -1 19 29 -1
614 6 17 -1 7 29 -1 9 -1 6 15 19 22 -1
615 15 -1 25 -1 6 12 25 26 28 29 -1 11 18 19 -1 0 -1 15 29 -1 6 -1 29 -1
616 22 -1 16 -1 10 14 21 -1 11 -1 9 18 -1 23 28 -1 11 -1 24 -1 4 28 -1 4 28 -1 28 29 -1 3 -1
617 20 23 -1 22 -1 1 21 26 27 -1 2 -1 8 -1 16 -1 5 -1 3 -1 20 23 27 -1
618 16 -1 24 -1 9 -1 29 -1 19 29 -1 12 16 28 29 -1 24 -1 13 -1 2 14 20 29 -1 8 -1 3 -1 13 -1 13 -1 17 19 -1 22 29 -1
619 7 -1 19 -1 2 -1 9 -1 16 -1 15 -1 1 -1 10 -1 23 -1 14 -1 21 -1 27 29 -1 22 23 27 -1 10 -1 21 22 -1 17 26 29 -1 4 -1 26 29 -1
620 15 21 -1 14 -1 8 -1 10 16 18 -1 29 -1
621 23 -1 20 27 -1 24 29 -1 22 -1 24 -1 4 -1 21 25 -1 28 -1 4 19 -1 4 -1 18 27 -1 26 27 -1 9 24 26 -1 16 29 -1 17 -1 8 -1 7 -1 8 -1 3 -1
622 2 -1 3 12 -1 8 -1 8 11 -1 5 -1 4 24 -1 12 -1 5 6 -1 16 -1 27 28 -1 18 21 25 27 -1 26 -1 7 -1 18 29 -1 23 -1 7 8 -1 13 -1 24 -1
623 14 -1 12 28 29 -1 21 25 -1 1 -1 17 -1 14 -1 14 -1
624 28 29 -1 10 16 28 29 -1 9 -1
625 17 -1 15 -1 28 -1 0 -1 17 -1 5 -1 13 28 29 -1 1 15 28 29 -1 24 -1 15 -1 14 -1 16 -1 13 29 -1 22 27 28 29 -1 15 20 -1 6 24 -1 7 -1
626 28 -1 7 26 -1 20 29 -1 13 26 -1 18 -1 3 -1 3 -1 8 18 -1
627 24 -1 22 -1 5 -1 19 25 -1 13 24 28 -1 20 21 29 -1 12 -1 19 24 -1 16 -1 19 -1 25 27 29 -1 9 20 28 -1 27 28 29 -1 29 -1
628 0 -1 4 29 -1 8 12 29 -1 3 24 28 29 -1 12 -1 29 -1 5 -1 10 -1 4 -1 16 -1 12 -1 15 -1 23 25 -1 18 23 -1 17 26 -1 8 23 -1 19 25 27 -1
629 28 29 -1 17 -1 20 -1 4 -1 5 -1 11 18 -1
630 22 -1 4 -1 11 -1 29 -1 25 29 -1 12 20 28 -1 24 28 -1 5 -1 18 23 -1
631 26 27 28 -1 11 -1 17 -1 23 -1 21 -1 12 25 -1 23 -1 28 -1
632 17 28 -1 18 19 26 -1
633 28 29 -1 16 23 26 28 -1 21 -1 16 -1 16 24 -1 6 11 -1 26 29 -1 9 -1 0 29 -1 3 -1 25 -1 5 15 26 28 29 -1 12 -1
634 23 24 -1 11 -1 0 13 29 -1 16 21 -1 22 25 27 -1 14 17 28 29 -1 1 20 27 -1 11 -1 25 26 27 -1 7 21 -1
635 0 23 -1 5 22 28 29 -1 26 28 -1 19 -1 13 -1 17 25 -1 10 15 -1 6 29 -1 19 23 24 29 -1 8 14 29 -1 15 -1 10 -1 4 -1
636 26 29 -1 28 29 -1 0 1 13 -1
637 17 -1 13 27 28 -1 13 28 29 -1 13 -1 15 -1 11 18 25 29 -1
638 29 -1 6 -1 5 -1
639 6 12 -1 28 -1 24 29 -1 9 -1 9 -1
640 3 -1 10 25 -1 12 21 -1 15 -1
641 20 21 -1 3 -1 16 19 23 -1 26 -1 9 -1 16 26 -1 5 24 -1 21 26 28 -1 19 -1 27 -1 22 23 28 -1 0 13 -1 29 -1 0 -1
642 12 15 18 24 27 29 -1 23 27 -1
643 19 28 -1 8 -1 2 19 -1 23 -1 20 -1 4 5 7 -1 9 -1 16 -1 9 -1 21 23 -1 11 17 21 -1 15 -1
644 27 28 29 -1 12 17 21 25 -1 5 -1 3 22 26 -1 13 27 29 -1 9 24 -1 5 8 -1 17 22 -1 6 -1
645 11 23 27 -1 4 25 29 -1 26 -1 0 -1 1 -1 21 26 -1 18 -1 18 -1 10 11 -1 26 29 -1 21 28 -1 18 -1 18 29 -1 25 -1 7 -1 26 29 -1 10 -1 24 -1
646 11 15 19 -1 13 17 -1
647 20 25 -1 6 10 24 -1 9 -1
648 21 28 -1 19 -1 0 11 19 -1 17 26 -1 3 -1 1 29 -1 25 28 29 -1 11 27 -1 29 -1 9 -1 14 27 -1
649 14 26 -1
650 25 27 28 29 -1 29 -1 22 -1 0 -1 4 -1 3 -1 27 29 -1 14 27 28 29 -1 4 -1 25 28 -1 19 29 -1 4 12 20 -1 7 -1 14 -1 25 -1 8 -1 8 -1 5 -1
651 7 -1 0 -1 14 -1 23 -1 18 29 -1 18 -1 25 -1
652 12 -1 9 23 27 28 29 -1 11 -1 23 28 29 -1 5 27 28 -1 21 26 -1 15 21 -1 23 24 -1 14 -1
653 17 -1
654 20 -1 20 25 27 -1 4 11 12 23 -1
655 23 29 -1 21 -1 1 -1 18 -1 22 -1 12 20 25 -1 0 3 -1 14 -1
656 4 -1 9 19 21 -1
657 27 29 -1 21 25 27 29 -1 6 15 -1 19 -1 22 23 26 27 -1 11 -1 24 -1 12 13 -1 23 -1 21 29 -1
658 16 19 -1 24 27 -1 19 -1 7 16 -1 4 20 -1 24 29 -1 12 -1 13 -1 17 26 28 29 -1 4 -1
659 13 -1 3 -1 20 25 -1 18 29 -1 13 22 25 28 -1 3 -1 22 -1 13 -1
660 5 -1 0 6 8 -1 6 -1 17 27 -1
661 8 29 -1 24 25 26 27 -1 0 -1 29 -1 8 16 21 28 -1 29 -1 19 27 -1 3 -1 22 -1 6 10 22 -1
662 7 19 25 27 28 29 -1 16 -1 20 26 29 -1 15 27 28 29 -1 9 -1 8 -1 26 -1 25 -1 0 -1 14 26 28 -1 25 -1 6 10 -1 15 -1 0 10 -1 7 -1
663 5 23 27 28 29 -1 8 -1 23 24 27 28 29 -1 13 -1 24 26 29 -1 8 13 15 16 24 27 28 -1 10 13 -1
664 5 19 20 25 29 -1 23 -1 4 -1 24 -1 0 4 -1 7 -1 13 16 23 28 -1 25 26 27 -1 19 -1 16 -1 8 25 27 -1 14 -1 14 -1 17 18 19 24 -1
665 10 20 29 -1 7 -1 15 16 24 25 -1 24 25 26 -1 5 -1 0 -1
666 21 -1 15 27 28 -1 23 24 -1 8 -1 11 27 -1 18 24 -1 25 -1 4 -1
667 11 29 -1 26 -1 22 27 -1 24 28 -1 29 -1 9 27 -1 18 29 -1
668 1 19 25 28 -1 12 23 28 -1 8 11 19 -1 16 -1 28 -1 1 -1 19 21 27 -1 8 21 29 -1 4 -1 0 -1
669 15 -1
670 22 -1
671 17 28 -1 7 -1 7 -1 19 -1 25 -1 10 -1 0 -1 13 -1 21 -1 1 -1 28 29 -1 8 -1
672 11 17 25 -1 21 -1 2 -1 3 10 14 17 -1 28 -1 0 25 -1 13 -1 7 10 -1 21 25 -1 10 -1 21 -1 22 23 -1 5 13 -1 16 -1 9 26 -1
673 17 -1
674 29 -1 26 -1
675 27 -1 26 28 -1 14 -1 10 -1 0 13 -1 4 27 -1 17 24 29 -1 0 -1 12 -1 7 -1 5 -1 12 -1
676 16 21 -1 11 -1 8 17 -1 21 27 -1 26 -1 5 -1 11 -1 26 -1 5 10 -1 26 29 -1 23 25 -1 9 -1 29 -1 18 -1 2 27 29 -1 25 -1 12 -1
677 22 27 28 -1 15 -1 24 26 -1 26 -1 25 -1 16 19 20 24 28 29 -1 18 -1 13 24 26 -1
678 16 -1 11 24 28 29 -1 16 -1 29 -1 15 19 20 -1 26 29 -1 27 -1 16 21 -1 12 -1
679 20 -1 0 4 11 24 29 -1 9 17 -1 20 -1 2 -1
680 25 27 -1 27 29 -1 21 27 28 -1 5 18 28 -1 7 -1 5 19 26 28 -1 14 -1 27 29 -1 19 -1 4 12 14 -1 22 -1 23 29 -1
681 26 -1 2 15 26 28 29 -1 18 23 24 -1 3 18 -1 18 -1 2 -1 3 -1 7 25 26 28 29 -1 14 -1 17 -1 18 19 22 -1
682 22 28 29 -1 11 -1 10 22 -1 22 -1 9 15 22 28 -1 13 28 29 -1 8 -1 4 -1 14 29 -1 1 -1 11 -1 6 -1 21 26 29 -1
683 27 28 -1 19 29 -1
684 6 -1 20 -1 0 -1 28 29 -1 25 28 29 -1 3 -1 15 -1 2 14 15 29 -1 25 28 -1 6 20 23 29 -1 2 -1 9 20 23 -1 9 -1
685 23 -1 9 -1 1 -1 0 -1 29 -1 18 23 -1 21 26 29 -1 1 16 18 24 -1 2 25 -1 26 28 29 -1 10 -1 15 -1 15 24 -1 24 -1 15 -1
686 13 -1 18 27 -1 28 29 -1 1 5 -1 22 -1 2 22 23 -1
687 26 28 29 -1 19 -1
688 6 29 -1 20 28 -1 3 -1 10 -1 25 -1 19 21 25 -1 13 25 27 -1 20 -1 13 16 -1 11 26 29 -1 10 -1
689 27 29 -1 2 4 10 23 -1 8 -1 3 -1 1 -1 9 -1 7 -1
690 12 -1 20 -1 20 -1 28 -1 5 28 -1 9 -1 5 17 -1 2 -1 4 25 -1 20 -1 9 -1 13 18 -1 23 24 25 26 -1 7 22 -1 18 21 22 -1 24 -1 22 -1
691 0 -1 22 23 27 -1 4 -1 28 -1 5 8 -1 25 27 -1 9 25 27 -1 10 -1 2 3 -1 25 28 29 -1 14 -1 15 16 -1 28 -1
692 14 -1
693 26 -1
694 14 27 28 29 -1 13 21 28 29 -1 29 -1 26 27 28 29 -1 20 25 29 -1 16 -1 22 -1
695 26 27 -1 28 29 -1 14 16 17 -1 28 29 -1 7 23 26 -1 29 -1 8 -1 25 -1 3 -1 15 23 29 -1 19 -1 29 -1 13 17 -1 17 29 -1 15 24 -1 1 -1
696 4 -1 1 13 -1 16 -1 15 -1
697 14 -1 4 24 27 -1 28 29 -1 3 -1 28 29 -1 16 -1 23 -1 25 27 28 29 -1 2 11 -1 26 -1 24 28 29 -1 0 -1 7 26 -1 1 -1 8 -1 19 -1 12 -1 6 -1
698 8 -1 9 -1 14 20 25 26 -1
699 24 -1 24 -1 28 29 -1 3 -1 1 9 25 26 28 -1 24 28 29 -1 9 -1 16 29 -1 19 -1 13 20 -1 29 -1 3 22 -1 24 25 -1 11 17 -1 4 -1 14 -1
700 20 22 -1 14 15 -1 17 18 21 -1 23 27 29 -1 16 -1 26 27 -1 2 26 -1 6 -1 2 26 -1 20 26 -1 18 -1 20 28 -1 8 -1 7 14 -1 21 -1
701 6 -1 17 24 28 29 -1 29 -1 13 -1 14 25 29 -1 6 10 27 -1 4 14 -1 6 15 -1 11 -1
702 8 26 -1 12 22 -1 9 -1 17 24 29 -1 8 15 21 29 -1 17 -1 13 15 26 -1
703 9 17 -1 3 7 26 27 -1 8 18 26 29 -1 1 -1 22 25 27 29 -1 4 -1 13 -1 1 6 -1 8 -1 20 -1 2 5 17 20 -1 14 28 29 -1 1 -1
704 8 14 -1 4 -1 27 28 -1 10 27 -1 12 22 -1 8 -1 11 24 25 -1 1 26 28 29 -1 9 -1
705 20 -1 18 -1 25 -1 18 -1 28 29 -1 27 -1 18 27 29 -1 2 -1 4 7 -1 4 -1 20 -1 26 -1 3 -1
706 27 -1 20 -1 29 -1 24 29 -1 4 15 16 18 20 24 28 -1 12 -1 0 -1
707 14 -1 20 -1 13 -1 1 13 15 -1 0 14 -1 12 -1 28 -1 29 -1 13 25 -1 6 27 -1 21 22 -1 22 -1 10 25 27 28 -1 19 26 -1
708 12 -1 23 24 29 -1 15 -1 11 -1 17 -1 11 21 24 25 28 -1 23 27 29 -1 11 -1 18 24 25 28 -1
709 23 -1 18 -1 25 26 27 29 -1 18 -1 8 24 27 29 -1 24 25 27 -1
710 7 -1 2 10 -1 18 27 29 -1 4 -1 4 25 -1
711 6 9 23 -1 8 22 28 -1 17 22 -1 28 -1 16 -1 13 25 26 28 29 -1 1 -1 24 -1 0 -1 13 14 -1 20 26 -1
712 25 -1 25 -1 12 27 -1 28 -1 15 26 -1 6 16 22 23 26 -1 18 29 -1 8 -1 0 -1 7 16 25 -1 12 27 -1
713 13 26 -1 17 19 -1 18 -1 9 13 -1 9 15 27 -1
714 1 -1 11 13 22 -1 24 -1 21 28 29 -1 16 -1 5 13 -1 16 -1 13 -1
715 7 -1 12 26 -1 0 1 9 27 29 -1 14 -1 12 -1 4 -1 3 29 -1 7 -1 18 19 -1 29 -1 27 29 -1 12 20 22 -1 10 -1 9 -1 8 -1 10 -1 25 28 -1
716 12 -1 3 -1 11 -1 6 -1 8 14 26 -1 14 18 -1
717 26 -1 24 -1 0 -1 16 -1 21 25 -1 10 -1 4 -1 6 29 -1 21 -1 23 26 -1 6 25 -1 27 29 -1 23 -1 13 16 -1 3 -1
718 20 -1 18 28 -1 23 29 -1 26 -1 15 29 -1 8 12 29 -1 21 -1 29 -1 25 -1 22 29 -1
719 12 -1 26 -1 24 25 -1 0 -1 23 29 -1 11 25 -1 26 27 29 -1 4 15 -1 25 -1 13 -1 4 -1 2 9 -1 22 -1 29 -1 5 27 29 -1
720 27 -1 17 18 20 -1 4 17 19 -1 28 -1 16 26 -1 9 -1 10 -1 5 15 24 -1 20 -1 21 23 -1 24 25 26 -1 26 28 -1
721 11 -1 27 -1
722 17 -1 14 -1 11 -1 18 27 28 -1 23 28 29 -1 6 -1 19 29 -1
723 6 22 -1 22 23 25 27 29 -1 4 13 -1 9 12 16 -1 13 21 -1 18 27 29 -1 19 21 26 -1
724 10 -1 11 21 28 -1 4 25 -1 9 -1 16 24 25 29 -1 23 24 -1 12 -1 5 19 21 -1 18 -1 12 -1 3 8 -1 29 -1 3 16 -1 13 -1
725 9 20 -1 13 -1 11 -1 26 -1 9 18 27 28 -1 23 24 -1 15 -1 29 -1 2 -1 18 26 -1
726 28 -1
727 6 -1 24 -1 11 29 -1 4 -1 11 26 28 -1 14 -1 10 -1 23 -1 12 -1 24 25 -1 4 8 19 -1
728 20 21 26 28 -1
729 25 -1 10 -1 2 -1 26 -1 15 23 -1 16 -1 29 -1 22 24 -1 9 15 -1
730 0 -1 26 29 -1 2 13 20 -1 22 25 -1 20 27 29 -1 6 24 -1 22 -1 18 28 -1 16 -1
731 11 -1
732 0 25 26 -1 1 -1 3 28 -1 8 -1 9 28 -1 10 -1 11 22 26 -1 26 29 -1 8 18 29 -1 13 19 -1
733 5 -1 7 -1 26 28 -1 2 -1 28 -1 3 -1 9 20 -1 7 -1 20 -1 11 23 -1 5 -1 28 29 -1 22 -1 17 27 -1
734 29 -1 13 15 29 -1 13 -1 24 29 -1 9 -1 3 29 -1 16 26 29 -1 16 20 -1 8 -1 26 27 -1 22 25 -1 14 -1 29 -1 1 -1 23 -1 1 14 -1 0 -1 5 -1
735 27 28 -1 12 -1 8 9 -1
736 19 29 -1 8 -1 8 -1 6 12 -1 10 18 29 -1 19 -1 25 -1 11 -1 26 -1 27 28 -1 2 -1 8 -1
737 8 21 29 -1 17 -1 26 27 -1 0 1 10 -1 26 -1 26 27 28 -1
738 29 -1 13 18 23 -1 2 25 26 -1 14 21 29 -1 7 10 29 -1 19 20 21 -1
739 14 29 -1 12 23 -1 12 16 24 29 -1 21 -1 19 -1
740 19 -1 2 11 -1 4 -1 21 -1 2 -1 20 -1 3 -1 5 18 25 -1 4 -1 28 29 -1 10 -1 2 -1 5 -1 28 -1 12 -1 13 21 -1 4 -1 26 -1 8 19 -1
741 22 29 -1 17 -1 25 -1 17 21 25 28 -1 25 -1 20 -1 18 -1 26 -1 1 -1 10 24 -1 19 22 -1 20 -1 10 -1 17 23 27 -1
742 10 -1 4 6 -1 7 -1 6 23 -1 12 26 29 -1 20 24 28 29 -1 3 -1 3 19 25 -1 28 -1 12 -1
743 13 -1 3 26 -1 20 -1 8 15 25 28 -1
744 2 -1 15 16 -1 4 11 19 24 -1 11 24 -1 12 -1 22 -1 5 -1 20 22 24 -1 26 29 -1 23 -1 6 -1 6 8 10 19 21 25 27 28 -1 4 -1
745 9 29 -1 4 -1 26 -1 6 11 24 -1 27 -1 28 29 -1 26 -1 18 -1 9 12 16 20 -1 27 -1 19 -1 16 -1 8 -1 23 28 29 -1
746 1 16 23 29 -1 22 25 -1 9 11 -1 0 -1 6 15 -1 29 -1 5 8 -1
747 10 -1 3 -1 14 24 -1 15 -1 2 6 -1 15 26 -1 1 -1 26 -1 17 -1 25 26 -1 29 -1 5 -1 18 -1 20 27 -1 7 -1 14 18 -1 11 -1 3 -1 27 -1 18 -1
748 12 -1 9 27 -1 3 9 12 -1 17 -1 13 17 22 25 -1 10 -1 15 -1 22 27 28 -1 24 26 29 -1 4 27 29 -1 3 -1
749 10 12 -1 8 18 26 -1 3 29 -1 27 29 -1 19 -1 25 27 29 -1 12 -1 25 -1 8 21 22 -1 1 -1 10 17 -1
750 27 28 -1 23 -1 5 -1 2 26 27 -1
751 12 24 -1 26 -1 26 28 -1 26 -1 7 -1 24 29 -1 1 17 28 -1 20 -1 6 -1 16 -1 11 20 -1
752 29 -1 28 -1 21 26 29 -1 14 -1
753 23 28 29 -1 14 29 -1 2 -1 20 -1 28 -1 5 -1 4 29 -1 10 11 24 -1 29 -1 13 -1 25 -1 7 -1 20 27 28 -1 15 27 29 -1 13 26 -1 17 20 -1
754 22 26 -1 20 -1 11 26 -1 18 20 -1 0 -1 15 -1 19 -1 24 -1 21 -1 4 -1 17 23 26 27 29 -1 9 -1 7 -1 12 -1
755 28 29 -1 23 -1 5 20 -1 6 -1 9 -1 7 -1 14 -1 6 -1 25 29 -1 11 -1 14 -1 9 24 25 -1 23 28 -1 6 -1 19 -1
756 14 -1 27 28 -1 0 -1 18 -1 18 29 -1 21 -1 1 2 -1 20 28 -1 8 17 20 22 28 29 -1
757 23 -1 17 -1 14 -1 21 28 -1 10 23 24 27 29 -1 0 -1 6 -1 27 28 29 -1 11 16 -1 4 -1 4 7 -1 9 18 -1
758 2 -1 12 14 17 22 -1 8 14 -1 21 29 -1 29 -1 24 -1 28 -1 23 27 28 -1
759 16 -1 9 -1 12 13 27 29 -1 9 14 17 29 -1 16 19 -1 21 29 -1 12 13 -1 6 22 -1 26 -1 4 27 28 29 -1 21 25 26 -1 22 25 -1
760 21 25 -1 7 -1
761 16 20 -1 16 -1 26 29 -1 24 -1 2 -1 2 -1 6 18 -1 22 25 26 -1 29 -1 24 26 -1 20 22 -1 3 12 25 29 -1 17 18 24 26 27 -1 14 -1 23 -1
762 9 27 -1 12 21 -1 21 -1 28 29 -1 22 25 -1 6 -1 9 17 29 -1 15 -1 9 -1 6 -1 4 27 -1
763 19 22 25 -1
764 0 10 -1 14 -1 27 28 29 -1 8 17 22 -1 15 -1 1 -1 26 28 -1 16 -1 21 29 -1 19 21 -1 13 -1 24 -1 21 -1 1 26 -1
765 3 -1 12 17 -1 28 29 -1 0 -1 2 -1 7 -1 4 -1 24 -1 21 28 29 -1 15 -1 1 21 26 -1 21 29 -1 7 -1 15 -1 0 26 27 -1
766 0 -1
767 20 27 28 29 -1 21 -1 26 29 -1 6 -1
768 24 -1 26 29 -1 8 -1 28 29 -1 20 -1 15 21 -1 0 25 28 -1 22 -1 10 -1
769 14 17 -1 15 -1
770 28 29 -1 15 -1 15 21 25 29 -1 14 25 -1 21 -1 3 -1 9 -1 29 -1 8 -1
771 12 -1 19 29 -1 1 -1 26 27 -1 24 29 -1 1 17 -1 28 29 -1 1 -1 16 -1 3 -1 17 29 -1 26 -1 7 22 -1 22 23 -1 1 2 20 -1
772 26 -1 14 15 -1 2 23 29 -1 18 -1 24 28 29 -1 2 15 26 -1 26 27 29 -1 3 -1 10 -1 16 21 -1
773 15 -1 12 -1 23 -1 21 -1 25 -1 18 -1 25 -1 23 28 29 -1 7 25 -1 3 -1 8 -1 19 26 -1 10 15 24 27 -1 27 29 -1 11 -1 29 -1 8 -1 2 -1
774 25 -1 13 26 -1 0 15 -1 25 -1 11 14 20 22 -1
775 22 -1 22 -1 5 24 27 -1
776 19 -1 12 -1 2 5 -1 17 -1 11 -1
777 24 27 -1 16 29 -1 4 -1 12 -1 27 28 29 -1 19 28 29 -1 15 18 -1 6 -1 10 -1 20 -1 27 28 29 -1 19 21 23 -1
778 14 -1
779 1 -1 8 -1 15 25 -1 12 -1 17 -1 4 17 25 28 29 -1 3 -1 3 -1 2 21 -1 24 -1
780 24 27 -1 11 23 -1
781 4 14 -1 1 -1 12 -1 26 -1 4 -1 23 -1 0 23 27 28 29 -1 14 26 28 29 -1 9 -1 21 -1 18 -1 27 -1 21 -1 1 -1 2 -1 15 -1 12 -1 18 23 -1 7 -1
782 8 -1
783 10 23 -1 28 -1 23 28 -1 8 13 -1 5 -1 3 9 15 21 25 26 27 -1 3 4 20 -1 8 15 -1 9 17 23 -1 27 -1 1 9 24 -1
784 14 -1 13 -1 1 9 -1 10 24 -1 8 9 28 -1 22 -1 2 -1 5 -1 11 -1 23 27 29 -1 12 -1
785 14 -1 10 15 -1 17 29 -1 20 26 27 -1 28 29 -1 21 23 28 -1 16 19 -1 27 28 29 -1 18 -1 21 -1 16 20 -1
786 27 28 29 -1 18 -1 13 -1 26 -1 15 20 24 29 -1 20 -1 4 -1 4 -1 29 -1 19 28 29 -1 1 11 -1 20 -1 28 -1 24 26 28 -1 16 -1 10 -1
787 12 17 -1
788 16 18 -1 21 -1 20 29 -1 14 -1 8 -1 16 17 19 -1 13 16 18 -1 15 24 -1 27 28 29 -1 9 -1 18 -1
789 22 -1 18 -1 23 -1 25 -1 23 -1 21 -1 0 -1 28 29 -1 5 -1 10 -1 9 -1 29 -1 9 -1 15 -1 14 -1 0 13 -1 13 -1
790 13 21 -1 9 12 26 29 -1 1 8 -1 24 27 -1 27 29 -1
791 0 -1 23 -1 24 -1 5 -1 23 25 -1 11 22 29 -1 23 -1 5 20 -1 21 26 28 29 -1 6 -1 17 20 -1 12 24 -1 2 12 15 -1 29 -1
792 29 -1 29 -1 23 28 -1 9 26 -1 6 20 -1 17 -1 19 29 -1 12 -1 19 22 -1 4 13 -1 29 -1 14 -1 27 29 -1 2 19 -1
793 27 28 29 -1
794 17 -1 23 26 -1 20 -1 17 28 29 -1 19 28 29 -1 24 25 27 -1 13 -1 6 17 -1 11 -1 2 -1
795 26 27 -1 18 24 -1 19 -1 20 -1 23 -1 12 19 26 29 -1 18 19 27 -1 9 -1
796 14 -1 18 24 26 -1 3 -1 16 -1 2 -1 6 27 29 -1 28 -1 5 -1 27 -1 20 -1
797 18 28 -1 25 -1 16 -1 28 29 -1 24 -1
798 18 21 24 29 -1 29 -1 2 6 -1 1 20 -1 2 5 25 28 -1
799 22 -1 24 -1 14 -1
800 9 27 -1 15 24 -1 23 -1 15 21 27 28 -1 10 29 -1 7 16 -1 16 21 -1 0 18 -1 26 27 -1 23 -1 26 -1 23 -1 11 -1
801 6 27 -1 16 -1 22 27 -1
802 24 27 -1 25 -1 17 19 20 25 -1 14 17 21 26 28 29 -1 8 18 19 27 29 -1
803 24 -1 12 -1 25 -1 25 27 -1 10 -1 28 29 -1 4 21 -1 0 -1 14 16 19 -1 7 -1
804 7 9 27 29 -1 17 29 -1 12 23 -1 0 -1 2 19 27 29 -1 13 23 27 -1 14 -1 2 25 28 -1 15 -1 24 -1 17 25 29 -1 8 -1
805 21 -1
806 23 27 -1 11 -1 12 -1 4 -1 12 15 16 23 24 -1 15 23 29 -1 28 -1 12 -1 0 -1 25 -1 12 -1
807 6 -1
808 25 -1 18 24 -1 11 -1 18 -1 15 21 27 -1 10 -1 12 17 -1 12 -1 7 -1 17 27 28 -1 13 17 -1 15 27 -1 23 28 29 -1 5 8 28 -1 27 -1 18 -1
809 29 -1 6 -1 12 -1 28 -1 24 -1 15 -1 26 29 -1 15 26 -1 19 -1 21 -1 24 27 -1 19 -1 5 28 29 -1 0 -1 10 -1 13 28 -1 0 -1
810 21 -1 3 8 15 -1 29 -1 6 -1 23 25 -1 17 18 29 -1 18 -1 20 22 25 26 28 29 -1 6 24 28 -1 29 -1 19 -1
811 28 -1 23 24 26 -1 14 -1 4 17 -1 3 -1 8 21 -1 28 -1 26 -1 29 -1 21 25 -1 9 -1 6 18 -1 19 20 27 29 -1 5 25 -1 12 16 -1
812 26 28 -1 17 24 26 -1 7 15 18 -1 23 -1 9 27 -1 10 13 26 28 -1 14 27 29 -1 25 28 29 -1 1 -1 15 -1 3 12 19 22 -1 3 -1
813 27 -1 8 22 23 24 -1 23 -1 1 -1 6 26 29 -1 5 -1 5 -1 6 23 -1 28 -1 0 8 16 -1 0 27 -1 19 -1 19 20 -1 15 -1 21 -1
814 4 9 -1 25 28 -1 26 27 28 29 -1 20 25 -1 4 26 27 29 -1 0 18 28 -1 0 -1 10 -1 6 19 -1 15 -1 2 4 -1
815 26 -1 6 -1 6 20 -1 12 -1 17 20 22 -1 0 -1 12 -1 5 -1 3 18 28 29 -1 10 -1 28 -1 17 19 -1 26 -1 16 -1 22 26 -1 6 -1
816 0 9 18 -1 26 -1 0 18 28 -1 13 -1 14 -1 10 -1 14 -1 27 29 -1 3 10 -1 9 19 27 28 -1 12 -1 19 27 -1
817 24 28 -1 26 28 29 -1
818 1 27 28 29 -1 29 -1 22 24 -1 14 -1 3 -1 9 -1 25 -1 24 -1
819 12 27 -1 11 -1 5 12 -1 5 22 26 -1 21 28 29 -1 4 18 -1 28 -1 27 -1 26 29 -1 23 26 -1
820 13 -1 23 -1 17 -1 8 25 26 -1 20 25 -1 25 -1 23 25 28 -1 13 -1 0 23 28 29 -1 27 28 -1
821 7 -1 4 17 25 26 -1 24 -1 3 -1 24 -1 7 -1 0 13 27 -1 4 -1 29 -1 27 -1 22 -1 25 -1 20 -1 7 -1
822 27 -1 6 -1 13 -1 20 23 25 -1 13 -1 16 -1 5 -1
823 29 -1 24 -1 15 -1 10 25 27 -1 21 23 26 -1 9 -1 20 -1 1 14 -1 0 -1 4 -1 1 26 -1
824 9 -1 23 -1 3 -1 11 15 29 -1 27 29 -1 6 -1 6 13 -1 22 -1 6 -1 17 22 -1 8 15 22 28 -1 17 -1
825 0 -1 23 24 29 -1 18 20 26 -1 25 -1 27 -1 10 -1 4 -1 6 -1 6 -1 15 -1 22 -1
826 16 29 -1 27 29 -1 11 -1 18 21 -1 2 25 27 -1 13 -1 14 22 25 27 28 29 -1 23 24 26 -1 25 27 28 -1 21 -1
827 18 27 28 -1 20 26 -1 5 -1 23 -1 14 -1 0 4 13 23 -1 13 27 -1 23 26 -1
828 3 26 29 -1 9 17 18 22 28 -1 8 15 -1 0 29 -1 17 28 29 -1 12 28 -1
829 19 24 -1 27 -1 1 -1 21 23 28 29 -1 5 8 -1 2 -1 2 -1 24 29 -1 18 26 28 29 -1 0 20 -1 25 -1 2 -1
830 24 27 29 -1 0 -1 26 -1 13 19 23 26 29 -1 4 22 26 28 29 -1
831 26 28 29 -1 27 28 29 -1 14 -1 18 25 -1 27 28 29 -1 15 25 28 -1 0 14 17 -1 17 -1 2 -1
832 7 26 29 -1 24 29 -1 25 26 27 29 -1 26 -1 12 17 -1 8 -1 3 19 24 27 -1 26 -1 24 26 -1 10 26 28 -1
833 20 -1
834 11 -1 23 29 -1 6 -1
835 22 28 -1 17 19 23 -1 17 27 -1 28 -1 5 8 -1 19 -1 7 13 21 -1 1 16 27 28 29 -1
836 11 -1 12 -1 29 -1 5 22 -1 21 25 29 -1 0 10 -1 18 22 25 27 -1 28 29 -1 4 20 -1 6 16 -1 13 -1 9 26 27 -1 5 7 14 18 -1 8 -1
837 8 23 26 -1 20 -1
838 2 -1 21 -1 0 14 -1
839 29 -1 23 26 29 -1 22 29 -1 24 -1 11 15 26 -1 13 -1 1 -1 18 27 29 -1 24 -1 7 16 -1 12 24 27 -1 17 22 28 -1 11 15 24 -1
840 16 -1 19 -1 4 -1 16 -1 11 -1 20 21 29 -1 22 -1 8 -1 25 -1 17 28 -1 29 -1 5 -1
841 19 -1 10 29 -1 12 27 -1 16 -1 16 19 -1
842 0 28 -1 10 -1 8 18 -1 2 3 22 -1 8 10 15 -1
843 3 18 24 -1
844 3 23 25 26 28 29 -1 5 -1 9 17 21 -1 23 -1 20 27 -1 10 29 -1 22 25 26 29 -1 26 -1 2 -1 19 25 -1 23 -1 15 16 -1 15 -1 5 -1 6 -1
845 21 28 29 -1 3 -1 27 29 -1 24 -1 29 -1 26 -1
846 28 29 -1 22 -1 25 27 -1 14 15 -1 27 -1 28 29 -1 27 -1 6 -1 5 18 23 -1 15 25 -1 14 -1 25 -1 24 -1 9 -1 22 29 -1 24 -1 10 25 26 -1 5 -1
847 26 -1 1 8 23 -1 15 -1 18 24 29 -1 5 15 22 24 29 -1 5 22 25 28 29 -1 2 -1
848 21 24 -1 20 22 27 -1 1 -1 24 29 -1 22 23 -1 16 -1 20 -1 18 28 29 -1 26 29 -1 10 -1 6 11 26 -1
849 6 8 -1 22 -1 8 22 -1 12 24 27 29 -1 3 -1 16 -1 26 27 28 -1 27 -1 18 -1 21 29 -1 4 -1 20 -1 24 -1 6 26 -1
850 25 27 28 -1
851 29 -1 17 29 -1 29 -1 20 28 29 -1 0 -1 6 10 -1
852 15 -1 0 11 -1 21 26 27 -1 29 -1 29 -1 28 -1 18 26 -1 20 -1 13 29 -1 10 27 -1 15 -1 13 -1 21 -1 17 28 29 -1 29 -1 1 -1 18 29 -1 1 9 11 -1
853 14 23 -1 24 -1 3 -1 11 18 28 -1 19 23 -1 28 29 -1 16 22 23 -1 11 -1
854 1 -1 19 27 -1
855 1 26 29 -1
856 7 13 16 -1 18 -1
857 16 -1 21 26 -1 22 26 -1 19 28 29 -1 23 27 29 -1 1 -1 7 -1 21 -1 25 -1 26 -1 3 -1 7 26 -1 3 -1 27 28 29 -1 0 -1 3 28 -1
858 22 23 -1
859 14 29 -1 6 19 21 -1 3 -1 19 -1 9 24 28 29 -1 10 18 24 28 29 -1 12 25 26 -1 4 -1 29 -1 4 21 -1 22 -1 1 -1
860 20 22 -1
861 8 18 19 -1 9 -1 27 -1 28 29 -1 10 -1 26 -1
862 16 25 -1 5 13 20 24 -1 12 13 -1 22 23 26 28 29 -1 1 -1 7 -1 20 -1 21 23 25 29 -1 2 -1 12 -1 8 -1 2 25 28 -1
863 0 -1 17 28 29 -1 12 21 26 29 -1 10 -1 8 28 29 -1 16 -1 25 -1 12 -1 2 29 -1
864 12 17 -1
865 26 -1 13 -1 17 24 26 27 29 -1 12 -1 16 21 -1 22 28 -1
866 28 29 -1 4 -1 26 27 28 -1 28 29 -1 9 13 -1 23 -1 24 29 -1 12 16 24 -1 13 -1 28 -1 14 -1 15 18 -1 19 20 -1 20 25 27 -1
867 25 27 29 -1 14 17 21 28 -1 19 21 24 29 -1 14 22 -1 4 -1
868 3 12 23 -1 23 29 -1 9 19 -1 18 -1 28 29 -1 7 -1 14 24 29 -1 9 -1 0 16 19 -1 13 -1 7 -1 2 -1 22 24 -1 23 28 -1 5 -1 10 13 -1 29 -1
869 11 -1 9 -1 19 -1 3 -1 14 -1 7 15 -1 19 -1 26 -1 20 -1 7 15 -1 29 -1
870 1 -1 24 29 -1 12 -1 4 27 -1 7 29 -1 29 -1 14 25 -1 21 29 -1 23 26 28 -1 9 16 26 27 -1 0 17 -1 7 -1
871 12 24 -1 24 28 29 -1 0 1 -1
872 2 16 -1 29 -1 20 21 29 -1 7 26 -1 22 -1 12 -1 20 25 -1 3 29 -1 11 13 -1 23 28 29 -1 13 -1 14 15 -1 23 25 -1
873 4 19 29 -1 15 22 -1 10 12 27 29 -1 3 24 -1 18 27 -1 1 -1 0 25 28 29 -1 11 16 29 -1 28 29 -1 17 19 21 -1 15 24 25 -1
874 24 -1 16 18 -1 14 -1 23 29 -1 7 -1 17 22 -1 21 -1 5 24 28 -1 24 -1
875 3 -1 20 23 -1 14 -1 1 -1 18 -1
876 29 -1 17 -1 9 -1 11 -1 2 -1 18 -1 10 11 19 -1 29 -1 7 -1 21 29 -1 14 -1 18 24 -1 13 -1 15 -1 22 -1 10 18 25 -1 24 -1 1 -1 2 -1 1 28 -1 16 24 -1
877 13 -1 8 17 20 24 27 -1 18 -1 23 28 -1 17 -1 2 23 -1
878 22 23 27 28 29 -1 9 19 23 -1 0 22 23 26 27 29 -1 15 -1 25 26 28 -1 20 29 -1 17 24 26 27 -1 6 -1 27 28 29 -1
879 5 -1 29 -1 13 19 -1 27 29 -1 18 20 -1 22 28 -1 26 -1 3 22 -1 11 29 -1 15 27 -1 0 -1 4 12 23 -1 6 -1 7 21 26 28 29 -1 21 -1
880 27 28 29 -1 28 29 -1 11 29 -1 27 -1 27 28 -1 14 27 29 -1 12 -1 8 22 -1 18 25 -1 22 -1 2 -1 3 -1 23 -1 9 -1 25 26 -1 12 -1 7 -1
881 23 24 -1 5 24 -1
882 7 -1 7 14 24 29 -1 1 -1 16 -1 19 -1 10 -1 22 -1 15 17 -1 5 13 -1 24 -1 4 -1 7 18 -1 9 -1
883 4 9 -1 17 -1 4 22 -1 22 -1 4 23 -1 29 -1 12 -1 22 -1 27 -1 25 29 -1 2 -1 3 28 29 -1 6 10 16 27 28 -1 27 29 -1
884 13 19 26 29 -1 13 24 -1 29 -1 13 -1 0 -1 3 6 -1
885 5 -1 2 -1 28 -1 5 -1 17 -1 1 23 -1 25 -1 24 26 -1 18 21 -1 26 -1 21 26 29 -1 15 20 23 28 -1 18 -1 21 23 27 -1 0 4 -1
886 1 -1 24 -1 6 -1 11 -1 12 -1 18 -1 16 27 -1 26 -1 6 8 -1 25 -1 9 -1 17 -1 10 -1 2 -1
887 18 26 27 -1 24 29 -1 17 29 -1 12 -1 20 -1 28 -1 3 22 25 27 -1 2 -1 23 24 29 -1 20 27 -1
888 18 -1 20 -1 18 -1 20 22 -1 17 19 24 -1 8 -1 0 -1 23 29 -1 9 -1 16 26 -1 17 -1 7 -1 24 26 -1
889 19 -1 1 -1 18 -1 11 18 22 -1 12 16 -1 11 24 26 -1 10 -1 18 -1 28 -1 20 24 -1 3 -1 21 -1 25 -1 23 27 -1 6 -1 10 27 29 -1 28 -1
890 14 -1 19 25 -1 14 -1 26 -1 11 -1 13 21 27 29 -1 5 24 -1 23 26 29 -1 8 9 -1 18 28 -1
891 13 14 18 -1 4 14 17 -1 8 15 -1 18 -1 29 -1 29 -1 26 -1
892 16 -1 29 -1 29 -1 8 -1 9 27 -1 29 -1 17 27 28 -1 6 19 26 -1 2 12 -1 26 27 29 -1 16 -1 22 29 -1
893 28 -1 15 -1 3 26 -1 1 18 25 29 -1 0 -1 3 -1 13 22 -1 1 17 -1 3 19 -1 17 -1
894 8 22 -1 27 -1 13 23 29 -1 19 -1 23 24 29 -1 27 28 29 -1 0 -1
895 14 26 -1 9 26 29 -1 28 29 -1 28 -1 15 -1 27 -1 6 24 26 -1 24 27 -1
896 21 24 -1 23 29 -1
897 8 -1 3 28 -1 25 28 -1 24 -1
898 21 -1 9 -1 18 -1 26 29 -1 18 25 -1 1 -1 8 29 -1 23 -1 14 -1 9 25 -1 7 12 -1 6 -1 14 29 -1 19 -1
899 13 18 26 -1 22 -1 3 18 -1 6 23 26 -1 11 23 28 29 -1
900 7 -1 13 -1 1 -1 11 13 -1 29 -1 27 -1 27 28 29 -1 17 -1 7 11 22 26 27 -1
