83
1 23 -1 10 -1 21 27 -1
2 16 19 -1 14 26 -1 26 27 -1 22 -1 13 29 -1 20 21 27 -1 13 -1 11 24 -1 29 -1 15 25 -1 17 -1 7 29 -1 0 -1 14 23 -1 5 -1 25 -1
3 16 23 -1 15 23 -1 1 -1 18 -1 10 21 29 -1 1 24 -1 10 -1 17 -1 17 19 24 -1 1 26 29 -1 4 24 -1 26 -1 24 -1 9 -1 14 -1
4 20 -1 3 -1 11 -1 0 15 -1 24 28 29 -1 13 -1
5 23 -1 11 -1 28 -1 15 -1 9 -1 9 -1 26 28 -1 28 -1
6 15 -1 7 -1 14 15 16 17 24 -1 20 -1 1 -1 20 -1 28 29 -1 2 10 12 23 25 -1
7 9 -1 13 15 26 -1 11 19 -1
8 16 -1 11 19 -1 5 8 9 -1 9 11 13 -1
9 26 -1 21 -1 10 21 22 23 -1 23 -1 6 -1 14 24 -1 22 -1 3 -1 26 -1 10 -1 29 -1 5 -1 27 -1 21 -1 13 14 24 -1
10 27 -1 2 -1 2 -1 8 14 -1 2 11 28 -1 3 7 19 24 28 29 -1 12 -1 3 5 -1 2 -1
11 4 11 25 -1 1 -1 18 -1 19 -1 29 -1 4 -1 17 -1 0 -1 14 -1 17 -1 20 -1 6 29 -1 15 26 27 29 -1 20 -1 26 -1 5 24 25 -1 28 29 -1 22 -1
12 17 -1
13 17 29 -1 15 -1 26 27 -1 4 -1 14 -1 7 -1 25 28 -1 1 16 -1 28 29 -1 19 27 -1 19 -1 22 25 28 -1
14 16 -1 11 14 18 27 -1 25 -1
15 28 29 -1 4 9 -1 10 19 28 -1 15 22 27 -1 11 24 -1 5 29 -1 22 24 25 29 -1 26 -1
16 20 22 -1
17 21 26 -1 10 -1 16 21 28 -1 16 -1 2 -1 25 -1
18 11 -1 20 24 -1 15 21 24 25 -1 28 -1 19 26 29 -1 6 -1 6 25 -1
19 14 15 18 29 -1
20 6 10 25 -1 23 28 -1 7 -1 21 -1 15 23 -1 2 -1 9 22 29 -1 15 -1
21 28 -1 3 -1 23 26 -1 14 19 22 -1 2 -1 0 -1
22 22 -1 14 28 29 -1 9 -1 15 -1 19 24 -1 14 -1 12 -1 3 26 -1 18 -1 16 -1 7 9 20 -1 5 24 -1 6 -1 21 -1 1 -1 4 24 26 27 -1
23 0 2 11 20 -1 25 28 -1 21 -1 22 -1 22 -1 2 26 27 -1 25 27 28 29 -1 24 -1 6 14 -1 16 23 29 -1 26 28 29 -1 10 -1 13 23 24 -1
24 24 -1 0 19 -1 12 26 -1 24 28 29 -1 20 -1 21 -1
25 5 9 22 25 -1
26 4 10 14 -1 6 27 29 -1 20 21 -1 11 24 -1
27 19 -1 22 -1 28 -1 18 27 29 -1 8 10 24 -1 22 27 -1
28 22 -1 16 -1 2 5 -1 20 23 25 -1 7 -1 25 29 -1 19 27 28 -1 22 27 28 29 -1 23 -1 18 23 26 29 -1 14 -1
29 1 27 29 -1 22 -1 29 -1 27 -1 24 -1 18 21 -1 10 26 -1 2 5 -1
30 13 15 25 28 29 -1 5 27 -1 16 26 -1
31 8 -1 9 29 -1 17 22 -1 7 -1
32 4 -1 24 26 -1 5 -1 15 -1 14 -1
33 5 24 27 -1 14 -1 20 26 -1 10 -1 7 -1 9 26 29 -1 8 -1 20 -1
34 11 -1 18 22 24 28 29 -1 1 -1 22 23 -1 6 28 -1
35 25 -1 29 -1 29 -1 9 10 -1
36 28 29 -1 17 27 -1 7 -1 5 27 28 29 -1 8 -1 16 27 28 -1 3 -1 17 -1 4 22 28 -1 29 -1
37 16 -1 12 20 -1 19 -1 25 28 29 -1 16 -1 17 -1 8 -1 23 25 -1 26 28 -1 12 -1 19 23 28 29 -1
38 21 29 -1 2 9 19 26 29 -1 27 29 -1 8 18 -1 28 29 -1 15 21 -1
39 3 22 23 27 -1 26 28 29 -1 8 -1 29 -1 19 -1 21 -1 12 22 -1 11 25 -1 20 26 29 -1
40 3 8 11 21 -1 3 28 -1
41 10 -1 14 22 -1 0 -1 15 20 27 29 -1 8 26 29 -1 0 -1
42 15 -1 14 -1 25 -1 7 24 -1 4 9 26 29 -1 1 4 -1 14 25 -1 21 -1 0 17 27 28 -1 17 22 -1 16 -1 26 28 29 -1 28 -1
43 4 5 16 -1 8 -1 0 -1 8 14 -1 0 3 16 29 -1 11 29 -1 28 -1 4 -1 7 29 -1 9 22 -1
44 0 22 29 -1 9 -1 5 24 -1
45 17 19 -1
46 19 -1 15 -1 24 25 28 29 -1 20 -1 18 29 -1 18 -1 0 -1 18 -1 26 -1 24 28 -1 20 27 28 -1 24 26 -1 28 29 -1 11 -1
47 4 -1 3 28 29 -1 21 24 -1 19 26 -1 15 -1 12 -1 4 15 24 26 27 28 29 -1 26 29 -1 26 29 -1 19 -1 15 -1 0 17 -1 11 -1 26 -1 17 -1 13 -1
48 24 28 -1 17 -1 26 -1 10 -1 26 -1 29 -1 19 23 27 -1 14 24 -1
49 29 -1 18 26 28 -1
50 7 27 28 29 -1 26 -1 26 28 29 -1 7 -1 15 25 -1 11 -1 18 -1 7 27 -1 18 -1 1 25 26 -1
51 28 -1 2 -1 6 -1 13 25 29 -1 10 -1 10 20 -1 16 -1 16 -1
52 25 28 29 -1 14 -1 2 -1
53 9 18 -1 19 20 -1 17 -1 15 28 29 -1 3 23 29 -1 15 18 -1 3 24 -1 17 24 -1 23 26 27 -1 25 -1 18 20 23 29 -1
54 12 -1 20 29 -1 16 17 -1
55 27 -1
56 29 -1 19 21 25 27 -1 25 29 -1 24 -1 17 26 -1 6 22 -1 21 -1 21 25 -1 28 -1 8 14 -1
57 13 -1 4 -1 29 -1 0 -1 12 -1
58 21 25 -1
59 2 -1 22 -1 2 26 -1 22 -1 22 26 27 29 -1 23 -1
60 14 17 -1 27 -1 7 -1 1 21 -1 18 21 -1 9 -1 5 15 28 -1 6 21 28 -1 28 29 -1 21 -1 13 24 29 -1 19 23 -1
61 12 14 29 -1 24 -1 16 29 -1 15 24 28 -1 29 -1 28 -1 3 23 26 27 29 -1 22 -1 27 -1
62 18 -1
63 23 26 28 29 -1 7 14 -1 7 -1 9 12 15 29 -1 3 -1 28 29 -1 18 -1 0 3 -1 8 -1 25 -1 18 21 -1 9 13 -1 9 -1 1 -1 14 20 -1
64 17 22 23 -1
65 0 -1 20 -1 7 26 27 -1 24 28 29 -1 18 -1 1 -1 22 24 -1 5 -1 13 18 -1 14 -1 8 11 15 26 -1 1 23 -1 18 25 28 -1
66 1 23 24 -1 23 -1 29 -1 5 29 -1 9 -1 10 -1 12 29 -1
67 7 -1 11 -1 5 20 26 28 29 -1 21 -1 11 -1 21 26 27 -1 23 27 -1 22 26 29 -1 16 -1 17 28 29 -1 16 19 -1 23 27 28 29 -1 27 -1
68 16 -1 19 -1 9 -1 0 25 29 -1 20 -1 24 -1 0 12 -1 22 -1 21 -1
69 2 28 -1 6 7 -1 26 -1 27 29 -1 11 15 20 -1 25 -1 15 17 18 -1 6 12 27 -1 24 25 26 29 -1 23 26 -1
70 21 27 -1 17 22 -1 20 22 -1 23 -1 9 19 23 24 27 -1 12 18 -1 11 20 26 -1 27 28 29 -1
71 21 -1 15 17 28 -1 28 -1 8 20 -1 23 -1 6 18 -1 4 -1 22 -1 6 14 -1 8 12 -1 23 -1 27 -1 3 18 19 -1 21 -1 9 12 -1 28 29 -1
72 10 -1 3 23 29 -1 22 27 29 -1 16 28 29 -1 1 -1 3 24 -1 9 13 29 -1 24 25 -1 29 -1 10 17 27 -1 26 -1 4 24 -1 20 24 26 -1
73 17 -1 24 29 -1 9 -1 27 -1
74 19 -1 4 9 25 29 -1 21 26 -1 10 -1 3 23 25 -1 5 -1
75 8 17 -1 15 -1 29 -1 15 16 -1 27 -1 16 -1 7 25 -1 28 29 -1 20 -1 25 -1 6 27 -1 21 24 26 -1 15 26 27 -1 26 27 -1
76 18 19 23 -1 9 18 -1 28 -1 26 -1
77 22 29 -1
78 19 28 29 -1 28 29 -1 15 -1 9 -1 11 14 -1 26 28 -1 19 20 -1 24 -1 19 -1 26 -1 16 -1 16 -1 18 -1 24 -1 3 11 22 -1 12 -1 8 -1 15 24 -1
79 22 -1 1 -1 22 28 29 -1 29 -1 20 -1 6 -1 14 -1 8 -1
80 27 28 -1 0 7 22 27 28 29 -1 29 -1 6 18 27 29 -1 26 27 -1 3 -1 8 23 27 29 -1 8 -1
81 27 29 -1 26 -1 18 -1 25 -1 14 18 -1 29 -1 26 -1 5 20 -1 2 28 -1 2 -1 16 -1
82 15 -1 12 23 28 -1 18 19 -1 29 -1 15 22 -1 26 -1 15 29 -1 7 -1 6 -1 7 -1 29 -1 20 23 -1 8 -1 7 29 -1 12 -1 0 9 25 -1 27 28 -1 3 -1 13 -1
83 22 28 29 -1 16 18 -1 19 -1 20 28 -1 29 -1 28 -1 3 8 15 -1 10 26 29 -1 8 29 -1 11 -1 5 -1
