1 0 17 -1 16 -1 5 15 17 19 -1 19 -1 6 -1 17 -1 -2
2 0 8 -1 14 -1 11 15 -1 7 -1 16 17 -1 9 18 19 -1 1 5 11 18 19 -1 1 -1 13 -1 2 -1 12 18 19 -1 1 -1 5 15 -1 -2
3 0 17 -1 10 19 -1 1 10 11 13 18 19 -1 6 -1 19 -1 3 19 -1 6 14 17 19 -1 17 -1 14 -1 1 -1 19 -1 6 -1 15 -1 18 -1 -2
4 0 16 18 -1 19 -1 11 12 15 -1 -2
5 0 12 -1 5 -1 11 -1 -2
6 0 14 -1 0 -1 19 -1 16 17 -1 2 -1 4 10 19 -1 19 -1 1 14 18 19 -1 19 -1 18 19 -1 16 17 -1 3 -1 5 6 7 15 17 18 -1 19 -1 17 19 -1 15 -1 -2
7 0 15 -1 9 -1 14 16 19 -1 17 18 19 -1 6 -1 16 18 -1 10 -1 17 -1 10 17 -1 14 -1 12 -1 10 16 -1 0 8 -1 -2
8 0 15 -1 6 -1 14 16 18 -1 10 -1 19 -1 15 -1 1 -1 2 11 -1 12 -1 9 -1 10 12 18 -1 14 19 -1 4 -1 12 -1 6 8 -1 16 17 -1 3 -1 2 -1 0 2 -1 -2
9 0 1 -1 0 -1 13 -1 16 -1 7 10 18 19 -1 10 12 -1 6 17 19 -1 6 16 -1 7 -1 10 13 -1 7 10 -1 0 -1 -2
10 0 9 -1 17 -1 10 16 17 -1 5 -1 16 -1 13 -1 2 -1 0 -1 3 18 -1 18 -1 4 15 -1 8 -1 7 -1 14 15 17 19 -1 13 -1 17 19 -1 12 19 -1 16 -1 18 -1 17 18 19 -1 7 -1 2 18 -1 -2
11 0 12 -1 7 15 -1 6 -1 8 18 19 -1 15 16 -1 5 12 -1 19 -1 2 18 19 -1 19 -1 17 -1 5 -1 1 -1 17 19 -1 11 -1 7 -1 7 8 -1 1 16 17 -1 3 5 13 -1 -2
12 0 15 -1 9 19 -1 19 -1 1 -1 6 7 -1 11 -1 16 17 18 -1 3 -1 -2
13 0 10 -1 5 -1 -2
14 0 3 17 -1 17 19 -1 13 -1 11 -1 3 5 -1 10 12 -1 1 -1 18 -1 2 19 -1 6 -1 14 19 -1 12 -1 9 18 19 -1 2 3 -1 19 -1 7 16 17 -1 11 -1 3 13 15 -1 -2
15 0 17 19 -1 7 -1 12 18 -1 2 8 17 18 19 -1 0 -1 4 9 -1 16 -1 1 3 13 -1 8 17 18 -1 14 15 -1 10 -1 0 -1 -2
16 0 8 -1 15 17 18 -1 5 18 -1 -2
17 0 2 9 -1 10 -1 1 -1 15 17 18 -1 0 10 -1 6 -1 0 18 19 -1 4 -1 17 18 -1 4 18 -1 15 -1 4 9 -1 2 9 -1 5 6 14 -1 3 13 -1 16 -1 18 -1 -2
18 0 3 -1 11 -1 3 -1 17 -1 19 -1 6 -1 14 -1 9 13 -1 3 9 -1 9 12 15 16 17 -1 9 -1 6 14 -1 1 -1 18 19 -1 6 -1 8 19 -1 19 -1 0 -1 17 -1 6 -1 12 19 -1 -2
19 0 14 19 -1 3 -1 3 17 19 -1 14 18 19 -1 17 19 -1 7 -1 3 14 -1 14 16 19 -1 3 15 19 -1 0 19 -1 -2
20 0 15 -1 18 -1 17 18 -1 5 -1 12 18 -1 5 17 -1 5 7 -1 5 -1 1 -1 6 -1 3 9 -1 17 19 -1 9 10 19 -1 9 -1 6 10 16 -1 4 14 -1 -2
21 0 2 -1 3 -1 -2
22 0 4 -1 16 19 -1 -2
23 0 12 14 -1 6 -1 -2
24 0 4 -1 8 17 -1 0 13 -1 13 -1 16 -1 2 -1 17 19 -1 13 -1 16 17 -1 18 19 -1 12 19 -1 19 -1 9 10 18 -1 19 -1 15 -1 -2
25 0 13 14 16 19 -1 9 -1 18 -1 7 -1 0 -1 14 -1 7 15 17 19 -1 13 16 18 19 -1 10 19 -1 11 17 19 -1 12 -1 7 -1 7 19 -1 13 17 18 -1 6 -1 1 -1 6 -1 -2
26 0 6 -1 1 17 -1 6 17 -1 13 -1 18 -1 18 19 -1 14 -1 16 -1 3 15 18 -1 17 -1 1 19 -1 2 5 17 -1 2 -1 13 17 -1 5 11 15 17 19 -1 14 -1 12 -1 7 11 -1 8 -1 -2
27 0 1 -1 7 13 -1 9 -1 15 19 -1 16 19 -1 17 19 -1 4 15 17 18 19 -1 13 15 -1 -2
28 0 6 10 15 -1 14 16 -1 -2
29 0 6 -1 1 -1 6 15 -1 6 -1 18 -1 18 -1 14 18 -1 2 -1 2 -1 8 -1 8 -1 18 -1 9 17 -1 7 -1 3 17 -1 18 -1 10 -1 5 10 17 -1 -2
30 0 18 19 -1 6 -1 2 -1 4 14 18 19 -1 12 19 -1 14 -1 13 -1 19 -1 10 18 19 -1 18 -1 3 -1 6 13 -1 13 19 -1 18 -1 16 -1 5 12 16 -1 -2
31 0 10 19 -1 19 -1 2 -1 7 -1 14 17 -1 9 -1 4 -1 17 -1 1 16 -1 6 13 -1 6 12 19 -1 13 14 18 -1 1 8 -1 10 -1 0 14 -1 2 -1 -2
32 0 4 5 7 18 -1 9 -1 0 11 -1 16 -1 -2
33 0 13 -1 5 13 14 19 -1 17 18 -1 0 -1 0 7 -1 3 -1 2 14 -1 -2
34 0 17 -1 0 10 -1 16 -1 4 -1 16 -1 13 -1 1 15 16 -1 2 -1 13 -1 16 -1 18 -1 9 19 -1 4 -1 7 -1 15 -1 10 13 -1 12 14 -1 1 5 15 16 -1 15 -1 14 16 19 -1 -2
