1 0 12 -1 4 -1 14 -1 8 -1 6 13 -1 16 -1 15 16 -1 1 -1 6 14 -1 -2
2 0 14 -1 1 16 -1 2 16 -1 9 15 -1 15 -1 0 4 -1 10 12 -1 12 -1 1 -1 9 15 -1 9 -1 13 14 15 -1 -2
3 0 2 -1 7 -1 4 6 -1 14 16 -1 -2
4 0 13 15 16 -1 16 -1 1 -1 10 11 -1 5 -1 1 4 -1 13 15 -1 7 -1 11 14 -1 11 15 16 -1 6 15 16 -1 3 -1 11 -1 12 -1 16 -1 5 -1 14 -1 14 -1 4 -1 13 16 -1 16 -1 15 16 -1 8 13 16 -1 13 -1 3 -1 8 13 14 -1 12 -1 1 12 -1 -2
5 0 3 16 -1 15 16 -1 12 -1 0 -1 4 -1 0 11 14 -1 7 10 -1 13 14 16 -1 0 -1 0 11 14 -1 0 6 -1 5 -1 11 14 16 -1 2 -1 7 -1 15 16 -1 12 -1 0 14 15 16 -1 9 13 -1 -2
6 0 4 16 -1 4 15 -1 4 -1 0 6 13 15 16 -1 16 -1 2 14 15 16 -1 5 14 -1 2 -1 15 16 -1 10 12 13 14 16 -1 6 -1 11 15 16 -1 13 -1 12 -1 9 12 -1 4 10 13 -1 2 6 15 -1 2 -1 -2
7 0 4 -1 1 -1 3 -1 3 -1 16 -1 14 15 -1 3 15 -1 2 -1 4 10 15 -1 10 11 12 16 -1 11 14 15 16 -1 15 -1 1 -1 5 -1 3 -1 8 11 -1 16 -1 5 14 -1 4 9 11 -1 6 -1 13 14 -1 13 14 -1 15 -1 -2
8 0 12 15 -1 13 15 16 -1 6 -1 12 -1 11 -1 -2
9 0 11 -1 16 -1 3 10 15 -1 2 -1 10 -1 10 -1 16 -1 6 -1 9 -1 -2
10 0 5 -1 0 15 16 -1 0 3 -1 3 -1 2 12 -1 11 13 -1 9 -1 0 1 12 13 15 16 -1 6 15 16 -1 12 15 16 -1 3 10 11 -1 0 12 16 -1 1 -1 7 15 16 -1 0 -1 0 16 -1 -2
11 0 16 -1 7 -1 -2
12 0 12 14 -1 1 -1 7 -1 12 15 16 -1 2 7 16 -1 16 -1 12 -1 15 -1 14 -1 12 -1 3 4 11 14 15 -1 9 10 14 -1 16 -1 7 -1 9 13 16 -1 5 -1 10 13 16 -1 6 8 -1 16 -1 13 -1 7 -1 2 12 16 -1 12 16 -1 11 14 -1 -2
13 0 0 -1 6 9 -1 16 -1 12 -1 16 -1 10 -1 2 5 11 14 16 -1 8 10 11 13 15 16 -1 10 11 -1 5 11 -1 9 11 -1 2 4 10 -1 7 -1 0 -1 3 -1 5 12 -1 4 11 15 16 -1 13 16 -1 6 13 -1 4 -1 16 -1 16 -1 14 15 16 -1 2 -1 -2
14 0 0 -1 2 -1 8 12 -1 -2
15 0 14 -1 0 3 16 -1 0 11 16 -1 7 -1 15 -1 4 7 9 12 15 -1 13 -1 5 11 15 16 -1 3 -1 15 -1 2 5 -1 16 -1 14 15 16 -1 8 11 -1 5 -1 1 -1 5 8 -1 14 16 -1 14 15 -1 6 -1 11 16 -1 11 16 -1 3 -1 -2
16 0 1 6 10 15 16 -1 16 -1 5 -1 14 15 -1 1 -1 4 -1 2 4 -1 0 -1 -2
17 0 0 -1 3 8 12 -1 15 -1 10 -1 2 -1 15 -1 15 16 -1 3 -1 13 -1 8 13 14 16 -1 3 4 -1 15 -1 15 -1 4 15 -1 0 12 15 16 -1 13 -1 7 -1 3 10 12 14 -1 3 6 9 10 15 -1 13 16 -1 12 15 -1 7 10 -1 1 2 14 -1 9 -1 8 10 15 -1 1 -1 -2
18 0 16 -1 7 9 16 -1 13 14 -1 10 13 15 16 -1 1 2 11 -1 9 -1 11 12 -1 4 5 14 16 -1 12 15 16 -1 13 16 -1 5 -1 13 -1 8 15 16 -1 7 13 -1 13 -1 12 14 -1 6 12 16 -1 6 -1 3 -1 -2
19 0 7 10 -1 6 7 -1 16 -1 10 -1 6 -1 3 12 -1 9 -1 0 -1 7 -1 12 15 16 -1 11 12 -1 5 11 -1 4 -1 1 16 -1 1 -1 9 -1 3 -1 6 -1 7 -1 10 -1 8 -1 16 -1 9 10 14 16 -1 15 16 -1 15 -1 16 -1 -2
20 0 7 -1 2 -1 7 -1 0 16 -1 14 -1 16 -1 3 -1 14 -1 -2
21 0 4 5 9 -1 10 -1 0 14 -1 6 14 15 16 -1 11 12 -1 1 -1 15 -1 16 -1 12 13 15 16 -1 2 -1 4 -1 11 -1 14 -1 15 16 -1 0 -1 16 -1 5 16 -1 4 -1 -2
22 0 15 -1 3 15 -1 10 -1 4 -1 2 -1 11 -1 15 -1 8 15 -1 7 16 -1 12 -1 5 -1 0 1 -1 7 16 -1 13 14 -1 -2
23 0 4 12 -1 8 10 -1 1 15 -1 11 -1 11 -1 0 7 -1 7 15 16 -1 11 -1 15 -1 15 -1 3 9 11 13 15 16 -1 12 14 15 16 -1 10 -1 9 12 14 16 -1 9 15 -1 10 15 -1 10 -1 14 -1 11 -1 15 16 -1 5 6 -1 9 -1 -2
24 0 15 -1 7 -1 5 8 -1 6 -1 11 16 -1 14 15 -1 16 -1 9 16 -1 12 -1 14 -1 5 10 16 -1 15 -1 15 -1 13 -1 14 -1 1 11 -1 13 16 -1 15 -1 10 11 14 -1 6 -1 -2
25 0 16 -1 1 5 9 -1 8 -1 11 -1 5 13 -1 0 13 -1 -2
26 0 14 15 -1 3 -1 0 -1 8 -1 14 -1 0 -1 3 -1 10 -1 6 -1 12 14 15 16 -1 13 15 16 -1 9 14 16 -1 7 11 -1 10 -1 3 -1 1 9 -1 8 10 -1 3 12 14 16 -1 9 -1 14 -1 6 -1 15 16 -1 2 -1 12 -1 9 13 16 -1 1 5 -1 2 14 -1 0 -1 15 -1 6 8 11 13 -1 -2
27 0 6 -1 10 14 -1 14 -1 12 -1 10 16 -1 15 -1 12 -1 6 14 -1 7 -1 13 -1 2 15 -1 11 -1 0 -1 12 -1 14 -1 1 15 -1 8 -1 4 5 -1 11 -1 10 -1 3 8 -1 8 9 14 -1 6 12 -1 10 -1 7 12 13 14 16 -1 9 14 -1 5 -1 0 8 -1 -2
28 0 4 -1 12 -1 12 -1 1 9 13 -1 5 11 14 15 16 -1 14 -1 1 12 15 -1 8 10 -1 0 12 14 -1 8 15 16 -1 0 -1 6 13 -1 13 -1 1 -1 7 -1 16 -1 3 6 -1 -2
29 0 1 -1 13 -1 7 -1 0 -1 1 13 -1 2 -1 16 -1 6 -1 16 -1 10 -1 0 12 14 -1 2 -1 8 10 -1 16 -1 1 -1 10 -1 1 4 -1 14 16 -1 -2
30 0 12 15 -1 2 -1 6 -1 13 14 -1 0 -1 7 -1 12 -1 15 16 -1 5 11 -1 8 -1 4 -1 2 11 -1 10 13 -1 16 -1 2 -1 5 -1 -2
31 0 6 10 -1 16 -1 10 -1 11 -1 13 16 -1 9 -1 16 -1 6 9 13 -1 1 -1 7 13 -1 8 -1 2 8 -1 9 11 -1 11 -1 9 -1 11 -1 4 15 -1 -2
32 0 8 -1 6 11 -1 14 16 -1 11 13 16 -1 2 -1 3 -1 15 -1 13 -1 0 -1 5 -1 7 11 -1 15 -1 10 14 16 -1 7 10 11 -1 9 -1 8 16 -1 9 -1 10 14 -1 5 -1 12 16 -1 14 -1 11 -1 13 14 16 -1 6 -1 -2
33 0 10 -1 10 11 -1 2 -1 0 15 -1 11 -1 10 11 -1 1 3 5 -1 7 13 14 15 16 -1 5 10 -1 10 -1 2 -1 4 10 -1 5 -1 -2
34 0 16 -1 0 -1 15 16 -1 13 -1 3 -1 15 -1 1 -1 2 -1 0 7 13 -1 6 12 -1 0 11 -1 5 -1 16 -1 12 -1 12 -1 12 -1 9 14 -1 10 16 -1 4 -1 15 -1 13 -1 0 -1 8 -1 16 -1 -2
35 0 16 -1 11 -1 2 -1 4 12 -1 9 10 -1 0 -1 6 9 10 -1 9 -1 16 -1 14 16 -1 10 -1 16 -1 11 -1 8 16 -1 8 9 -1 12 -1 13 -1 0 6 -1 -2
36 0 2 -1 16 -1 7 -1 4 13 -1 12 15 -1 13 15 -1 11 14 -1 7 -1 0 -1 5 -1 10 15 -1 14 16 -1 8 -1 5 -1 5 11 16 -1 13 16 -1 12 -1 13 14 -1 11 14 -1 7 8 14 15 -1 16 -1 13 -1 7 15 16 -1 7 -1 11 15 -1 12 15 -1 15 16 -1 1 7 -1 16 -1 8 12 -1 14 15 -1 8 -1 -2
37 0 0 16 -1 8 9 16 -1 13 -1 10 -1 -2
38 0 10 16 -1 3 -1 2 -1 15 16 -1 1 -1 3 -1 8 12 -1 4 13 -1 3 -1 8 14 -1 8 9 10 -1 15 -1 8 -1 15 16 -1 15 -1 15 16 -1 5 -1 8 -1 7 15 16 -1 0 -1 4 13 14 16 -1 12 -1 4 5 -1 -2
39 0 14 -1 16 -1 6 -1 11 12 -1 13 -1 10 -1 10 12 16 -1 11 13 -1 8 9 11 -1 7 -1 2 6 10 14 15 16 -1 2 5 15 -1 8 13 15 -1 15 16 -1 2 -1 5 13 15 16 -1 8 10 -1 4 5 7 -1 8 10 12 -1 9 16 -1 8 11 12 -1 11 -1 1 9 -1 4 -1 8 -1 -2
40 0 3 5 -1 16 -1 12 -1 15 -1 10 14 15 16 -1 11 -1 0 7 -1 12 13 14 15 16 -1 6 12 14 -1 9 -1 0 6 14 -1 2 -1 10 12 -1 16 -1 11 -1 2 12 15 -1 14 -1 7 -1 9 -1 7 -1 2 -1 16 -1 2 12 -1 6 -1 13 -1 5 -1 8 13 -1 9 -1 2 9 -1 15 16 -1 5 -1 7 -1 16 -1 5 -1 -2
41 0 3 16 -1 8 10 16 -1 14 -1 14 15 -1 16 -1 3 -1 16 -1 0 -1 16 -1 6 -1 7 -1 3 13 -1 1 -1 11 -1 14 15 -1 16 -1 15 16 -1 5 7 12 -1 1 -1 14 -1 9 12 16 -1 2 15 16 -1 14 15 16 -1 1 -1 10 11 12 14 -1 -2
42 0 7 16 -1 7 12 14 -1 1 -1 2 -1 6 -1 15 16 -1 5 -1 3 -1 16 -1 15 -1 14 16 -1 8 -1 9 15 -1 13 15 -1 9 -1 16 -1 13 -1 4 11 15 -1 0 3 -1 13 16 -1 4 -1 5 -1 3 10 -1 12 -1 5 -1 -2
43 0 7 8 12 13 -1 11 13 15 -1 6 -1 10 12 14 -1 8 -1 13 -1 14 -1 13 14 16 -1 13 -1 4 8 -1 2 -1 9 -1 15 -1 6 -1 16 -1 7 -1 16 -1 1 3 -1 9 13 -1 6 -1 16 -1 10 -1 10 -1 2 -1 6 -1 7 -1 5 11 12 -1 15 16 -1 13 -1 7 10 -1 -2
44 0 14 15 16 -1 13 14 -1 5 -1 12 -1 6 -1 -2
45 0 8 -1 -2
46 0 2 -1 12 13 16 -1 4 5 -1 9 -1 1 -1 8 13 14 -1 -2
47 0 15 16 -1 11 -1 3 -1 0 7 -1 12 15 16 -1 15 16 -1 4 7 14 -1 8 -1 11 12 16 -1 9 16 -1 15 16 -1 7 11 16 -1 4 15 16 -1 9 -1 1 -1 6 15 -1 2 15 16 -1 13 -1 9 12 13 -1 12 14 15 -1 5 -1 8 -1 10 -1 10 14 -1 11 -1 -2
48 0 4 16 -1 11 15 16 -1 10 -1 2 11 12 -1 1 -1 8 -1 11 16 -1 0 4 13 15 16 -1 3 12 -1 9 14 -1 15 16 -1 16 -1 15 -1 8 -1 14 -1 4 -1 8 -1 5 12 13 16 -1 10 -1 15 16 -1 6 8 -1 1 10 16 -1 4 15 16 -1 12 15 -1 10 -1 4 -1 13 -1 9 -1 -2
49 0 2 16 -1 4 -1 0 -1 15 16 -1 12 -1 2 -1 11 14 15 -1 2 16 -1 0 -1 0 11 -1 14 -1 5 16 -1 11 -1 13 -1 11 -1 7 -1 13 -1 9 12 -1 14 -1 4 6 -1 -2
50 0 15 16 -1 12 13 16 -1 15 16 -1 13 -1 14 16 -1 3 6 15 -1 15 16 -1 15 16 -1 5 -1 1 -1 8 -1 15 -1 1 15 -1 8 11 15 -1 8 -1 14 -1 4 -1 5 7 -1 13 -1 11 12 -1 10 -1 7 -1 1 -1 1 7 11 16 -1 6 13 14 16 -1 2 4 -1 4 9 13 -1 7 -1 4 7 -1 -2
51 0 14 -1 7 -1 7 -1 4 -1 0 4 14 -1 14 -1 16 -1 2 -1 0 -1 10 -1 0 -1 5 12 -1 14 15 -1 9 11 -1 6 -1 -2
52 0 14 15 16 -1 -2
53 0 14 -1 16 -1 5 -1 8 10 -1 3 -1 6 -1 4 16 -1 13 15 -1 14 -1 -2
54 0 5 -1 5 -1 14 16 -1 16 -1 14 -1 11 14 16 -1 10 -1 6 -1 8 14 -1 11 -1 3 -1 14 15 16 -1 12 -1 7 16 -1 8 -1 14 15 16 -1 0 16 -1 -2
55 0 12 -1 5 -1 5 -1 4 -1 9 15 16 -1 10 -1 9 14 16 -1 9 -1 3 -1 2 -1 1 14 -1 12 -1 16 -1 4 -1 5 -1 5 -1 5 16 -1 0 6 8 -1 7 11 15 16 -1 8 -1 14 16 -1 2 -1 16 -1 13 15 16 -1 11 -1 2 10 -1 -2
56 0 11 -1 13 -1 13 -1 12 14 -1 13 14 16 -1 9 15 -1 11 16 -1 0 -1 14 -1 13 -1 2 14 15 16 -1 8 -1 3 13 -1 2 -1 2 4 -1 -2
57 0 0 4 15 -1 11 -1 15 16 -1 12 -1 0 -1 13 15 -1 9 -1 11 -1 7 -1 5 11 -1 14 16 -1 16 -1 3 7 -1 8 10 -1 8 -1 16 -1 3 7 -1 4 -1 5 -1 0 -1 12 -1 11 -1 8 -1 9 -1 3 -1 7 11 -1 12 -1 0 -1 13 -1 6 -1 9 11 15 16 -1 2 3 7 16 -1 14 16 -1 7 -1 -2
58 0 14 15 -1 12 -1 11 12 14 -1 2 -1 9 -1 16 -1 16 -1 8 -1 16 -1 16 -1 4 8 -1 2 -1 7 14 16 -1 6 11 16 -1 12 -1 1 5 11 -1 16 -1 8 -1 5 -1 1 9 -1 15 -1 4 -1 0 -1 14 15 16 -1 5 6 8 -1 3 -1 12 -1 14 16 -1 14 16 -1 3 -1 11 14 16 -1 15 -1 -2
59 0 3 7 -1 3 4 -1 1 10 -1 9 12 14 -1 1 8 10 -1 16 -1 4 -1 6 8 -1 8 -1 2 5 -1 3 -1 9 13 14 -1 3 6 11 -1 0 7 -1 8 10 14 15 -1 7 11 16 -1 16 -1 9 12 -1 15 16 -1 9 11 16 -1 8 14 -1 4 10 15 -1 -2
60 0 1 4 -1 6 -1 9 -1 2 12 13 15 -1 0 -1 11 15 -1 9 -1 14 -1 10 -1 5 -1 5 10 15 -1 13 16 -1 11 -1 14 15 -1 13 16 -1 11 15 -1 -2
61 0 2 11 13 15 16 -1 10 16 -1 2 -1 8 9 14 -1 16 -1 7 -1 6 -1 11 15 -1 10 -1 15 -1 5 -1 6 -1 6 -1 7 11 16 -1 16 -1 8 -1 15 16 -1 16 -1 0 -1 -2
62 0 16 -1 2 -1 14 -1 9 -1 1 14 -1 3 -1 7 -1 14 16 -1 3 -1 14 -1 9 13 16 -1 -2
63 0 2 11 -1 5 15 -1 16 -1 -2
64 0 12 -1 10 -1 0 14 -1 10 -1 13 16 -1 9 13 14 15 -1 7 -1 6 -1 3 -1 15 -1 -2
65 0 10 -1 4 -1 12 16 -1 7 12 16 -1 16 -1 15 16 -1 7 -1 6 9 -1 6 9 12 -1 5 9 -1 10 -1 8 10 -1 5 -1 8 11 12 14 -1 6 9 11 -1 -2
66 0 0 -1 5 -1 1 -1 13 -1 -2
67 0 9 -1 15 -1 8 15 16 -1 7 10 -1 14 -1 14 16 -1 1 -1 11 -1 3 11 15 16 -1 5 7 -1 14 15 16 -1 4 -1 8 -1 9 15 16 -1 13 14 -1 14 -1 14 16 -1 5 16 -1 5 8 13 15 16 -1 2 -1 -2
68 0 14 16 -1 2 5 13 -1 1 13 16 -1 1 12 14 15 16 -1 14 -1 4 11 -1 11 13 -1 13 -1 7 12 -1 5 10 16 -1 14 15 -1 12 -1 8 -1 15 -1 6 -1 13 16 -1 13 15 -1 12 -1 1 -1 3 -1 11 -1 14 16 -1 16 -1 11 -1 -2
69 0 0 16 -1 16 -1 15 -1 11 12 13 -1 13 15 -1 15 -1 14 16 -1 12 -1 4 15 -1 10 12 -1 2 5 -1 9 13 -1 4 14 -1 4 -1 14 -1 0 -1 3 -1 10 12 13 -1 3 14 -1 0 -1 -2
70 0 1 13 15 16 -1 0 10 16 -1 9 -1 2 11 16 -1 5 -1 4 5 9 -1 3 10 15 -1 14 15 -1 0 -1 8 -1 5 13 15 16 -1 14 15 -1 10 13 -1 15 -1 7 -1 16 -1 0 2 15 16 -1 2 -1 16 -1 7 9 16 -1 13 -1 7 14 15 -1 -2
71 0 14 15 16 -1 4 -1 -2
72 0 12 13 -1 11 13 14 -1 0 -1 9 12 -1 2 13 -1 13 15 -1 13 16 -1 11 13 -1 13 14 15 16 -1 3 6 16 -1 10 -1 9 12 15 -1 15 -1 12 14 16 -1 5 -1 7 12 -1 4 -1 8 10 14 -1 14 -1 14 16 -1 1 4 -1 8 10 13 14 -1 -2
73 0 5 -1 3 5 -1 2 15 16 -1 -2
74 0 16 -1 7 -1 13 15 -1 3 -1 2 -1 12 15 -1 14 -1 8 16 -1 2 3 -1 2 -1 0 -1 0 7 -1 10 11 15 16 -1 5 -1 1 16 -1 14 16 -1 0 -1 15 16 -1 11 -1 9 14 -1 5 -1 -2
75 0 15 -1 1 -1 15 16 -1 1 -1 14 -1 12 -1 4 -1 15 16 -1 14 -1 9 12 13 -1 0 8 11 -1 4 14 16 -1 12 16 -1 7 -1 8 11 12 15 16 -1 6 15 16 -1 0 3 -1 7 -1 15 -1 2 15 -1 3 -1 9 13 -1 4 15 16 -1 15 -1 7 12 15 16 -1 16 -1 13 -1 -2
76 0 8 15 16 -1 11 15 -1 5 -1 8 -1 11 14 16 -1 11 -1 5 -1 3 -1 4 9 16 -1 6 9 15 16 -1 8 14 16 -1 15 16 -1 2 15 -1 9 13 -1 0 -1 15 16 -1 10 14 -1 8 14 15 -1 0 10 11 16 -1 2 4 -1 13 -1 9 -1 8 12 16 -1 3 4 -1 -2
77 0 8 12 -1 13 16 -1 8 16 -1 9 -1 9 16 -1 10 -1 14 16 -1 7 -1 7 8 -1 11 -1 6 -1 1 2 -1 6 -1 6 -1 0 -1 4 -1 4 9 16 -1 8 15 16 -1 5 13 14 16 -1 1 -1 7 -1 4 8 -1 1 -1 9 16 -1 12 14 -1 7 -1 13 16 -1 4 12 -1 10 -1 13 -1 -2
78 0 7 -1 5 15 -1 3 6 15 16 -1 2 -1 2 -1 0 -1 4 -1 2 -1 1 8 -1 6 -1 1 -1 14 -1 9 14 -1 11 -1 3 16 -1 10 16 -1 6 -1 15 -1 4 -1 5 9 -1 0 5 -1 7 -1 6 -1 3 -1 6 -1 13 14 16 -1 6 13 -1 2 -1 11 -1 5 -1 8 15 16 -1 -2
79 0 11 -1 9 -1 6 9 -1 -2
80 0 13 15 16 -1 16 -1 3 4 11 -1 16 -1 16 -1 5 -1 11 14 -1 13 -1 6 15 -1 13 14 15 16 -1 14 -1 7 8 -1 2 -1 13 15 16 -1 13 -1 9 10 -1 8 14 -1 14 16 -1 0 12 13 -1 10 -1 -2
81 0 4 6 -1 7 16 -1 0 8 15 -1 0 -1 0 7 14 16 -1 4 5 11 14 15 -1 3 -1 15 -1 12 -1 1 12 13 -1 3 -1 10 15 16 -1 10 11 -1 11 -1 2 -1 3 -1 1 -1 4 -1 1 -1 8 -1 11 -1 15 -1 4 -1 16 -1 16 -1 9 -1 -2
82 0 0 3 5 -1 13 16 -1 5 -1 9 -1 7 -1 2 8 -1 11 -1 10 16 -1 9 11 16 -1 1 -1 1 -1 13 14 -1 16 -1 14 15 16 -1 16 -1 6 7 -1 12 13 -1 4 13 14 16 -1 5 -1 16 -1 3 -1 13 -1 5 -1 2 9 -1 5 8 11 -1 3 5 6 -1 2 -1 4 11 -1 -2
83 0 15 -1 13 -1 10 11 -1 12 -1 9 12 -1 2 13 -1 8 -1 2 -1 5 7 8 -1 5 -1 9 -1 6 10 12 -1 5 16 -1 6 11 13 -1 2 12 -1 13 -1 16 -1 11 -1 4 9 10 -1 0 -1 9 16 -1 16 -1 12 -1 1 -1 8 16 -1 1 -1 14 16 -1 3 -1 4 9 -1 -2
84 0 4 16 -1 11 -1 6 -1 5 -1 6 7 9 11 16 -1 7 -1 5 -1 14 16 -1 7 -1 11 16 -1 9 -1 9 16 -1 5 11 -1 4 -1 7 -1 3 -1 15 16 -1 8 -1 0 -1 9 11 -1 3 -1 -2
85 0 8 -1 9 12 -1 9 10 16 -1 13 -1 11 12 13 -1 4 -1 11 -1 13 -1 2 9 -1 12 16 -1 16 -1 7 11 12 -1 12 13 -1 12 13 -1 6 9 -1 3 -1 13 16 -1 4 6 -1 11 12 -1 8 -1 3 8 -1 0 -1 1 -1 -2
86 0 12 15 16 -1 6 -1 7 -1 12 -1 2 -1 0 3 -1 16 -1 3 4 -1 5 8 9 -1 15 16 -1 3 -1 13 14 15 -1 15 -1 11 -1 5 -1 6 -1 11 -1 15 -1 14 -1 14 -1 16 -1 4 -1 12 -1 7 -1 11 -1 12 -1 9 -1 6 9 10 -1 9 -1 6 -1 7 13 16 -1 15 -1 12 -1 10 14 -1 4 -1 7 14 -1 -2
87 0 3 -1 0 -1 7 10 15 16 -1 10 -1 12 -1 14 -1 5 12 16 -1 6 8 -1 9 -1 6 7 -1 9 -1 2 -1 3 -1 9 -1 15 -1 -2
88 0 16 -1 13 16 -1 2 3 -1 6 7 -1 1 -1 10 -1 0 -1 13 -1 8 12 14 -1 5 -1 13 15 -1 8 12 -1 -2
89 0 16 -1 11 16 -1 9 -1 2 7 12 -1 4 13 -1 3 14 16 -1 0 -1 5 10 -1 11 12 13 -1 2 -1 15 16 -1 2 -1 8 -1 1 9 -1 3 -1 5 15 16 -1 15 16 -1 14 -1 5 -1 4 -1 9 -1 3 11 -1 3 -1 8 11 -1 13 14 15 -1 6 -1 10 -1 -2
90 0 8 -1 9 13 16 -1 14 -1 15 -1 13 -1 5 14 15 16 -1 5 -1 4 -1 0 -1 3 -1 16 -1 10 12 -1 8 10 12 -1 15 16 -1 2 8 -1 3 -1 2 10 -1 9 -1 6 13 14 16 -1 16 -1 -2
91 0 10 11 -1 12 16 -1 14 -1 6 -1 13 -1 3 13 15 16 -1 3 13 -1 5 14 15 -1 11 14 16 -1 13 -1 -2
92 0 3 12 -1 11 12 -1 13 -1 9 -1 8 9 10 -1 -2
93 0 9 14 -1 9 -1 10 -1 10 -1 -2
94 0 15 16 -1 11 -1 10 -1 3 -1 14 -1 4 16 -1 10 -1 13 -1 0 -1 2 4 -1 0 5 12 -1 9 16 -1 6 14 -1 9 10 -1 15 -1 10 13 -1 3 -1 2 -1 5 7 8 -1 1 -1 9 13 -1 13 -1 1 -1 14 15 -1 16 -1 9 -1 -2
95 0 10 11 12 -1 16 -1 0 2 7 8 12 -1 15 16 -1 7 -1 12 -1 12 -1 -2
96 0 9 14 16 -1 3 -1 3 7 16 -1 11 -1 9 16 -1 12 14 15 16 -1 15 -1 14 15 16 -1 12 16 -1 2 -1 9 13 16 -1 13 -1 16 -1 10 -1 4 -1 4 -1 11 13 -1 0 12 -1 14 -1 13 16 -1 3 -1 12 -1 10 12 -1 16 -1 10 -1 8 9 -1 9 16 -1 -2
97 0 10 -1 4 -1 16 -1 13 -1 8 -1 10 16 -1 0 -1 3 9 -1 8 -1 15 -1 11 13 -1 5 12 16 -1 11 -1 0 7 13 -1 -2
