500
1 18 26 -1 5 -1 27 -1 16 -1 20 24 -1 3 -1 3 11 -1 13 22 -1 8 -1 21 27 -1 27 29 -1 29 -1 19 -1
2 27 -1 19 21 23 -1
3 16 -1 15 -1 1 5 -1 9 21 25 -1 10 21 -1 20 -1 24 27 -1 2 -1 24 -1 27 -1 5 -1 4 -1 18 -1 3 26 27 -1 3 -1 14 27 -1 23 29 -1 5 20 -1
4 17 19 27 -1 15 -1 2 -1 25 26 -1
5 9 -1 29 -1 27 -1 19 -1 9 -1 12 18 21 -1
6 21 26 -1 18 -1 28 29 -1 26 -1 25 28 -1 25 26 -1 14 18 -1 11 -1 3 12 19 -1 2 -1 28 -1 26 28 -1 17 -1
7 21 23 -1 4 29 -1 21 -1 3 -1 18 25 -1 11 20 21 -1 25 -1 16 -1 27 -1 19 -1 13 25 -1 13 14 19 -1 21 -1 8 -1 7 -1 23 -1 5 24 -1 9 26 28 -1
8 20 24 25 -1 28 -1 2 -1 9 -1 26 29 -1 22 -1 25 -1 15 20 -1 14 -1 14 21 27 -1 19 29 -1 18 29 -1 3 19 -1
9 15 -1 12 -1 14 17 -1 18 -1 5 -1 4 18 27 -1
10 5 -1 27 29 -1 18 -1 2 -1 27 -1 5 18 -1 7 12 -1 17 -1
11 18 25 29 -1 15 -1 14 -1 26 -1 20 27 28 -1 3 18 -1
12 16 -1 26 27 -1 14 -1 3 24 -1 13 -1 13 -1 4 19 -1 28 29 -1 24 27 -1 21 -1 19 -1 11 18 23 28 -1
13 24 -1 17 -1 15 -1 13 -1 22 -1 12 -1 1 -1 6 -1 0 -1 21 25 27 28 -1 27 28 29 -1 29 -1 18 -1 0 25 28 -1 29 -1 7 14 28 -1
14 0 -1 11 24 -1 12 24 -1 0 16 -1 24 -1 29 -1 24 -1 16 -1 15 23 -1 25 29 -1 8 18 -1 5 -1 21 -1 22 -1 9 -1 9 14 -1
15 11 -1 9 -1 14 -1 1 14 -1 17 -1 20 -1 7 -1 8 21 25 -1 21 -1 29 -1 15 -1 6 -1 22 25 29 -1 17 27 -1 4 -1 28 -1 25 -1
16 21 -1 8 -1 15 21 24 26 -1
17 13 29 -1 21 26 27 29 -1 16 25 28 -1 15 27 29 -1 13 19 22 26 27 29 -1 12 28 29 -1 3 -1 22 24 -1
18 19 27 -1 11 -1 5 -1 15 19 21 -1 0 -1 1 -1 12 -1
19 12 29 -1 5 -1 17 -1 9 -1 3 -1 18 27 -1 24 29 -1 6 -1 23 -1 19 -1 13 -1 3 4 -1 1 -1 13 27 -1 16 17 23 -1 5 12 -1
20 15 -1 3 -1 10 13 -1 12 -1 16 -1 14 -1 16 -1 27 -1 7 26 -1 11 23 28 -1 4 23 -1 26 -1
21 14 -1 13 -1 1 -1 10 -1 7 -1 22 -1 17 20 -1 4 18 -1 1 21 25 -1 19 26 -1 6 14 29 -1
22 12 19 28 -1 24 27 29 -1 2 -1 5 -1 20 -1 22 -1 27 -1 15 -1 22 -1
23 14 -1 20 22 -1 25 28 29 -1 10 15 -1 26 29 -1 7 -1 7 18 -1 18 -1 2 22 25 29 -1 19 28 29 -1 28 29 -1 12 -1 13 -1 14 -1
24 8 -1 2 -1 4 24 -1 23 27 -1 25 -1 12 -1 26 28 -1 16 29 -1 29 -1 8 -1
25 16 -1 24 25 29 -1 3 -1 8 29 -1 0 19 -1 28 -1 9 18 26 -1 2 7 14 -1 21 28 -1 29 -1 22 -1 2 -1 18 -1
26 4 19 27 -1
27 7 -1 24 -1 9 29 -1 19 -1 23 27 -1 22 26 -1 18 29 -1 18 -1 20 27 -1 8 -1 4 -1 19 -1 2 -1 17 -1 18 25 -1 17 -1 10 -1 20 23 -1 14 -1
28 25 29 -1 5 -1
29 28 29 -1 24 -1
30 27 28 -1 4 -1 10 -1 24 26 28 29 -1 20 23 -1 21 25 -1 14 22 27 -1 12 20 25 28 29 -1 10 16 -1 12 -1 2 -1 19 23 24 -1 18 -1
31 27 29 -1 4 20 -1
32 3 22 -1 5 10 25 -1 9 16 -1 26 29 -1 0 -1 8 -1
33 27 29 -1 16 19 -1
34 22 -1 27 -1 1 26 -1 13 14 19 -1 27 28 -1 18 27 28 -1 20 24 -1 24 26 -1 23 25 -1 19 24 25 28 29 -1 19 22 -1
35 1 3 -1 3 -1 10 -1 6 7 -1 14 27 29 -1 3 19 -1 27 -1 29 -1 2 -1 29 -1 10 -1 23 25 -1 2 -1 8 20 -1 5 12 -1 18 28 -1 22 24 -1
36 29 -1 4 5 23 -1 16 -1 20 -1 19 -1 10 29 -1 3 23 -1 3 21 -1 15 -1 25 27 -1 27 28 -1 18 20 -1 5 -1 4 6 -1 25 -1 20 -1 4 -1
37 11 13 -1 1 17 -1 13 -1 17 18 22 -1 28 -1 15 27 -1 23 25 -1 7 -1 22 28 29 -1 2 -1 28 -1 11 16 18 -1 22 -1 21 -1 14 17 21 -1 4 25 -1
38 27 28 -1 1 -1 11 13 27 -1 11 -1 3 28 29 -1
39 5 -1 10 18 -1 1 -1 21 -1 25 -1 17 -1
40 3 18 -1 17 -1 25 26 -1 25 28 29 -1 25 27 -1 16 -1 23 29 -1 28 -1 16 -1 5 20 21 25 -1
41 19 -1 26 28 29 -1 12 16 23 -1 15 24 29 -1 16 17 28 -1 28 -1
42 10 20 -1 16 -1 19 -1 6 -1
43 15 27 29 -1 8 16 19 22 25 -1 22 -1 14 -1 22 -1 26 -1 4 -1 16 25 -1 3 8 -1
44 2 27 28 29 -1 25 -1 16 -1
45 2 -1 1 -1
46 13 -1 19 -1 10 -1 22 25 28 29 -1 11 -1
47 4 -1
48 27 -1 23 26 -1 8 -1 5 -1 26 -1 16 -1 17 25 28 -1 12 29 -1 17 -1 5 -1 16 26 -1 5 -1
49 7 -1 14 26 28 -1 11 12 -1
50 28 29 -1 21 28 29 -1 27 -1 6 -1 27 -1 2 -1 26 28 29 -1
51 14 -1 8 10 22 -1 26 -1
52 29 -1 14 26 -1 19 -1 15 -1 6 16 -1
53 22 -1 10 17 28 29 -1 1 -1 17 -1
54 0 -1
55 19 -1 21 24 26 -1 16 20 -1 6 -1 29 -1 17 21 -1 24 28 -1 26 -1 24 -1 6 -1 4 -1 5 14 -1 15 -1 23 -1 7 10 17 -1 0 -1 6 24 -1 4 -1 29 -1 3 -1
56 11 23 -1 3 -1 5 -1 28 29 -1 26 -1 14 28 -1 14 -1 1 10 19 29 -1 13 -1 3 -1 8 28 29 -1 11 -1
57 19 26 -1 7 9 -1 15 -1 8 -1 26 -1 13 -1 4 -1 20 26 29 -1 8 15 17 19 -1 7 13 25 -1 18 -1 4 28 -1 28 29 -1 8 -1
58 16 -1 8 9 -1 11 -1 11 16 -1 5 -1 16 24 29 -1 4 -1 19 -1 20 22 -1 23 -1 28 -1 21 -1
59 17 -1 9 27 28 29 -1 14 25 -1 10 22 29 -1 23 27 -1 22 24 -1
60 2 13 23 25 -1 20 -1 18 -1 3 -1 6 -1 14 23 27 -1 28 29 -1 20 21 -1 6 29 -1 4 13 -1 27 29 -1 27 -1 13 -1 15 -1 17 -1 13 -1 7 -1
61 12 -1 22 -1 3 16 27 -1 0 26 -1 19 -1 16 25 -1 20 -1 14 25 28 -1 5 7 23 24 -1
62 27 29 -1 27 29 -1 7 13 -1 2 -1 6 13 -1 16 -1 12 -1 9 27 -1 15 27 -1 1 25 27 -1 8 -1 7 11 -1 2 18 -1 24 26 29 -1 6 -1
63 12 14 20 -1
64 14 -1 24 -1 8 -1 13 -1 1 -1 28 29 -1 6 -1 29 -1 24 -1 6 -1
65 21 -1 27 -1 13 18 22 23 29 -1 23 29 -1 27 -1 26 28 -1 10 -1 9 19 -1 13 17 -1 17 -1 18 -1 21 -1 29 -1
66 2 14 29 -1 1 -1 21 29 -1 20 23 29 -1 4 -1 27 -1
67 16 -1 27 -1 4 -1 1 21 24 25 -1 11 -1 6 19 -1 12 19 25 -1 22 -1 10 -1 0 -1 6 -1 6 23 -1 23 -1 2 27 28 -1 9 -1 15 -1 20 -1
68 26 -1 13 -1 17 -1 0 28 29 -1 2 29 -1 24 26 -1
69 20 -1 0 20 -1 8 -1 19 -1 24 27 29 -1 6 -1 10 -1 10 -1 23 27 -1 6 18 21 26 29 -1 5 6 -1 19 -1 13 26 -1
70 18 -1 7 17 -1 23 29 -1 10 -1 4 -1 4 25 -1
71 0 -1 14 -1 23 29 -1 17 23 -1 23 27 -1
72 25 28 -1 28 -1 11 12 -1 11 -1
73 13 -1 7 -1 16 22 -1 10 -1 23 29 -1 6 -1 1 10 12 28 -1 13 14 -1 28 -1 9 15 19 26 -1 15 -1
74 28 29 -1 20 28 -1 8 15 28 -1 27 28 29 -1 1 -1 2 25 -1 27 29 -1 5 24 -1 1 -1 17 18 21 23 27 -1 5 8 -1
75 10 -1 17 -1 25 -1 9 -1 7 23 28 -1 12 -1 12 -1 19 -1 22 29 -1 18 28 29 -1 27 -1 14 -1 15 18 -1 29 -1 10 -1 12 -1 29 -1 16 21 25 26 28 -1 28 -1
76 20 21 28 -1 26 -1 9 27 28 -1 10 -1 25 -1
77 15 -1 0 -1 9 21 23 26 -1 18 -1 8 -1 24 -1 6 -1
78 8 24 29 -1 3 -1 2 -1
79 18 -1 7 20 -1 20 -1 27 29 -1 27 29 -1 15 22 27 -1 9 -1 10 -1
80 29 -1 29 -1 26 -1 16 -1 29 -1 15 25 -1 1 6 -1 25 -1 26 -1 15 -1 14 18 19 27 -1
81 15 -1 23 28 29 -1 22 -1
82 18 -1 16 -1 22 -1 25 -1 17 29 -1 3 -1
83 28 -1 2 28 -1 4 18 -1 8 13 22 -1 24 25 28 -1 23 -1 2 23 -1
84 26 -1 21 -1 14 27 -1
85 9 16 24 25 29 -1 4 -1 19 20 -1
86 14 28 -1 4 -1 13 -1 13 17 -1 15 -1 15 -1 19 -1 9 -1 2 22 29 -1 28 29 -1 27 29 -1 7 -1 22 24 -1 13 -1
87 5 -1 14 -1 7 -1 11 -1 21 -1 5 16 -1 20 21 -1
88 12 -1 28 -1 13 -1 10 13 24 25 -1 6 19 -1 2 16 -1 11 -1
89 12 -1 1 7 28 29 -1 17 18 24 -1 26 -1 24 27 28 -1 24 29 -1 0 2 -1
90 11 -1
91 12 -1 7 9 -1 26 29 -1 10 -1 19 -1 11 16 -1 13 18 28 -1 29 -1 12 -1 16 -1 16 -1 5 11 -1 5 -1 26 -1 1 -1 2 16 19 -1 1 -1 6 -1 12 -1 20 -1 7 -1
92 28 29 -1 6 21 29 -1 11 18 29 -1 6 -1 19 -1
93 26 29 -1 25 -1 18 -1 18 -1 15 -1 19 -1
94 28 29 -1 4 12 22 27 -1 11 -1 15 23 29 -1 2 -1 5 -1 16 28 -1 19 -1 24 29 -1 24 -1 18 27 -1
95 16 23 -1 21 28 29 -1 18 -1 8 -1 23 -1 14 -1 27 29 -1 8 -1 5 20 -1 1 11 -1 24 -1 3 23 -1 27 -1 12 -1 27 -1
96 17 -1 5 -1 24 -1 11 -1 10 20 21 26 -1 16 28 -1 27 -1 28 -1 14 22 -1 5 -1 6 22 -1 27 -1 24 27 -1 6 9 10 -1 10 22 -1 20 -1
97 20 -1 21 26 27 -1 12 28 -1 13 -1 14 -1 28 29 -1 3 14 -1
98 19 -1 18 -1 9 20 21 -1 27 -1 3 -1 7 16 18 21 26 28 29 -1 24 29 -1 14 26 -1 8 -1
99 0 16 -1 19 27 -1
100 25 26 28 -1 26 -1
101 16 19 -1 14 -1 11 23 29 -1 19 -1 18 23 27 28 -1 17 20 -1 6 19 -1 17 -1 5 7 8 -1 18 -1 9 -1 20 23 27 -1 13 -1 18 -1
102 3 -1 2 18 -1 8 21 -1 23 -1 9 -1 17 -1 19 -1 11 13 -1 5 -1 16 27 -1 8 24 29 -1 24 -1 12 -1 11 14 -1 10 -1 21 22 29 -1 23 27 -1 2 -1
103 23 29 -1 29 -1 28 -1 26 29 -1 3 -1 22 -1 11 -1 2 -1 19 -1 13 17 18 25 -1 26 28 -1
104 15 17 -1 20 -1 29 -1 13 -1 12 16 19 20 23 26 27 28 29 -1 22 -1
105 2 -1 27 29 -1 29 -1 25 -1 4 21 -1 13 19 22 25 29 -1 0 -1 28 29 -1 5 25 27 -1 8 -1 4 28 29 -1
106 9 10 27 28 -1 2 -1 5 -1 24 -1 24 -1 15 -1 25 -1 0 10 -1 19 22 28 -1
107 9 11 12 -1 28 29 -1 5 12 -1 6 -1 3 7 20 -1 26 -1 15 29 -1 22 28 -1 21 -1 28 29 -1 19 26 27 28 -1 7 24 29 -1 17 -1 27 -1
108 5 6 -1 23 24 26 29 -1 23 25 -1 2 23 26 -1 0 -1 9 14 -1 20 -1 14 -1 14 -1 10 -1 15 21 23 -1 23 -1 23 27 -1 6 26 -1 6 -1
109 13 -1 3 -1 22 28 29 -1 14 18 -1
110 22 -1 8 -1 6 -1 4 8 -1 0 -1 1 23 25 27 -1 12 23 25 27 28 -1 9 -1 7 -1 11 28 -1 10 19 -1
111 19 -1 23 -1 12 25 28 29 -1 28 29 -1 26 -1 14 -1 25 -1 5 -1 26 -1
112 27 28 29 -1 16 -1 17 23 24 -1
113 13 21 28 29 -1 1 24 -1 26 29 -1 3 6 17 20 28 29 -1 12 -1 5 23 -1 23 24 -1 6 -1 22 -1 12 -1 3 -1
114 2 -1 8 -1 14 22 27 -1 21 -1 28 29 -1 17 29 -1 23 -1 29 -1 26 -1 15 28 -1 14 -1 3 -1 21 -1 18 19 25 27 29 -1 9 -1 18 -1 22 -1 1 9 -1
115 14 22 -1 8 17 -1 19 -1
116 18 20 -1 20 29 -1 16 -1
117 24 26 -1 8 -1 29 -1 19 -1 16 -1 9 29 -1 24 -1 6 27 -1 8 -1 28 -1 15 26 -1 20 -1 3 -1
118 24 26 -1 13 -1 10 -1 8 13 -1 20 -1 18 -1 22 27 -1
119 14 -1 4 -1 7 11 -1 23 -1 12 -1 4 -1 9 18 -1 6 -1 10 -1
120 1 -1 10 -1 18 -1 16 26 29 -1 13 25 -1 0 -1 16 29 -1 14 19 26 -1 19 20 -1 12 28 29 -1 16 22 -1 18 -1 17 -1 16 20 26 -1 28 -1
121 16 -1 29 -1 7 -1 16 27 28 -1 14 -1 6 -1 1 6 -1 21 25 -1 28 29 -1 22 26 28 -1
122 1 -1 24 -1 13 -1 25 -1 28 -1 15 -1 10 24 -1
123 3 8 -1 27 29 -1 15 -1 20 27 -1 28 -1 19 -1 15 -1 21 27 29 -1 22 23 25 -1 12 -1 5 -1
124 7 17 -1 25 29 -1 9 -1 20 -1 12 17 26 -1 5 26 28 -1 16 -1 28 29 -1 27 -1 17 25 26 28 -1 28 -1 26 -1 23 -1 4 -1
125 6 -1
126 1 8 23 24 -1 23 26 -1 25 -1 6 -1 11 21 26 28 -1 26 27 29 -1 6 -1
127 20 -1 18 19 26 -1
128 25 27 -1 17 19 22 28 29 -1 11 16 -1 1 -1 18 23 -1 6 -1 22 28 -1 19 24 -1 28 -1 0 15 21 28 29 -1 16 -1 1 -1 15 23 -1 17 19 -1
129 15 25 -1 6 24 -1 20 -1 19 -1 25 26 27 -1 5 -1 24 -1 23 -1 6 -1 14 29 -1
130 21 -1 28 -1 8 -1 18 -1
131 21 -1 21 23 28 -1 0 -1 3 6 -1 20 22 -1 8 26 -1 14 -1 13 19 25 -1 12 23 -1 13 17 -1
132 0 -1 0 17 18 19 21 22 -1 9 -1 5 14 -1 19 -1 18 19 29 -1 12 13 -1 12 -1 5 11 -1 29 -1 0 25 -1 19 21 28 -1
133 25 28 -1 16 -1
134 29 -1 19 26 29 -1 23 26 27 29 -1 27 29 -1 15 -1 13 17 -1 7 22 23 -1 14 -1 19 -1
135 24 25 -1 23 -1 6 13 -1 12 13 24 -1 12 -1 15 -1 22 -1 27 -1 13 -1
136 22 28 29 -1 5 17 -1 10 28 29 -1 21 25 -1 28 -1 15 26 27 28 -1 19 20 -1 26 -1 12 -1
137 16 -1 26 -1 25 -1 28 29 -1 25 26 27 29 -1 10 -1 3 -1 24 26 29 -1 21 23 24 -1 16 -1 0 -1 5 -1
138 20 25 27 29 -1 7 -1
139 23 24 -1 14 29 -1 14 -1 6 10 23 -1 5 -1 3 -1 11 -1 15 29 -1 3 13 23 28 29 -1 15 -1 11 29 -1 24 27 29 -1 8 -1 29 -1
140 22 29 -1 28 -1 6 8 -1 7 19 21 -1 22 -1 17 22 26 -1 10 -1 13 -1 2 -1 20 28 -1 15 21 27 -1 19 28 -1 23 -1 15 25 28 29 -1
141 4 5 9 10 14 22 -1 3 20 28 29 -1 21 27 29 -1 22 -1 12 -1
142 2 18 19 -1 4 18 -1 24 -1 19 -1 29 -1 23 24 -1 4 22 25 -1 0 23 -1 6 -1 29 -1 8 11 23 27 -1 18 24 -1 10 -1
143 19 25 29 -1 4 -1 2 -1 26 27 28 -1 16 -1 10 18 -1 18 -1 14 22 -1
144 18 -1 20 28 29 -1 15 -1 10 27 -1 27 -1 26 29 -1 22 28 29 -1 26 29 -1
145 18 -1 0 -1 15 23 -1 22 -1 11 25 27 -1 7 -1 22 -1 26 27 29 -1 3 8 -1
146 14 -1 11 -1
147 19 21 -1 17 28 -1 7 -1 13 25 27 -1 0 -1 1 12 22 -1
148 22 -1 19 29 -1 29 -1 18 22 -1 26 29 -1 19 -1 9 26 -1
149 8 18 -1 0 -1 19 28 -1 9 -1 24 29 -1 16 25 27 -1 27 28 -1 13 -1 4 15 -1 2 -1 18 23 -1 0 -1 20 -1 24 -1
150 26 28 -1 11 13 -1 24 -1 10 -1 5 -1 18 -1 16 -1 22 -1 8 22 29 -1 11 16 20 -1 29 -1 10 15 17 23 26 -1 21 -1 9 24 -1
151 13 22 -1 12 20 -1 18 26 28 29 -1 22 25 -1 17 26 29 -1 27 -1 10 -1 17 -1 29 -1
152 20 -1 2 8 -1 20 -1 27 -1 27 28 -1 0 23 28 -1 2 7 -1 6 -1 17 28 -1 22 23 -1 17 -1 16 -1 17 -1 22 25 29 -1 7 22 -1 6 -1 7 29 -1
153 25 26 27 28 29 -1 9 -1 6 11 -1 7 8 -1 12 15 -1 24 29 -1 18 -1 20 -1 12 22 27 28 -1 28 -1 17 23 -1
154 15 -1 7 24 -1 14 17 -1 28 -1 18 21 -1 14 -1 4 27 28 29 -1 21 -1 23 -1 7 -1 24 -1 6 -1
155 6 19 -1
156 5 9 10 15 20 25 28 -1 27 -1 21 22 27 29 -1
157 17 -1 7 -1 7 -1 23 26 -1 16 24 -1 11 -1 11 -1
158 10 21 -1 3 -1
159 1 6 -1 24 -1 15 -1 5 25 -1 6 -1 8 21 23 25 -1 19 27 29 -1 14 27 -1 8 12 22 -1 0 -1 27 29 -1 20 -1 4 -1 27 28 -1 25 -1 20 24 -1
160 18 -1 20 21 -1 11 21 29 -1 2 -1 25 26 28 -1 6 25 28 -1 19 -1 22 -1 2 -1 29 -1 2 -1 12 -1 20 -1
161 10 -1 24 -1 18 -1 12 29 -1 13 -1 9 24 -1 4 -1 19 -1 27 -1 10 -1 2 20 29 -1 19 26 -1 14 -1 17 24 28 29 -1 6 -1 24 26 -1 11 -1 27 28 -1 9 -1
162 6 -1 21 -1 23 29 -1 17 27 28 29 -1 16 20 -1 6 29 -1
163 24 -1 6 28 29 -1 17 18 -1 26 -1 25 27 28 -1 10 15 21 25 29 -1 13 -1 6 -1 28 -1 18 27 -1 18 21 25 28 29 -1 17 19 -1
164 0 27 -1 11 -1 17 27 -1 7 18 25 -1 20 -1 7 -1 24 28 -1 23 25 27 -1 3 16 18 -1 29 -1 14 25 -1 8 19 -1
165 8 29 -1 27 -1 18 23 29 -1 15 -1 16 18 -1 5 8 18 29 -1 27 -1 8 13 26 27 28 29 -1 3 26 27 -1 18 -1 12 16 -1 4 -1 10 -1
166 24 -1 28 29 -1 1 -1 15 24 -1 7 -1
167 22 -1 10 -1 25 -1 23 -1 18 -1 15 -1 13 -1 21 -1 10 -1 4 -1 0 -1 14 -1 21 -1 3 -1 1 -1 6 -1 22 27 28 29 -1 16 19 26 -1 23 -1
168 3 -1 28 29 -1 11 -1 21 23 29 -1 19 -1 27 -1 12 -1 14 -1 23 24 -1 1 -1 13 -1 11 -1 4 25 29 -1 0 -1 8 18 -1 1 -1 3 25 28 -1
169 8 -1 27 -1 24 -1 3 -1 15 20 -1 25 -1 8 -1 21 25 26 -1 9 -1 14 -1
170 26 28 29 -1 17 20 -1 20 -1 4 -1 15 26 29 -1 12 20 -1
171 8 -1 0 16 25 -1
172 12 28 -1 20 -1 26 -1 25 -1 11 -1 29 -1
173 11 22 26 -1 29 -1 18 -1 10 -1 3 -1 5 24 -1 0 19 24 26 28 29 -1
174 11 -1 13 17 -1 7 17 24 29 -1 27 -1 9 15 17 -1 21 -1 21 -1 20 -1 29 -1 3 -1 6 28 29 -1 16 23 -1 16 22 27 29 -1 18 27 -1 25 27 -1
175 0 2 -1 9 -1 14 17 -1 15 16 23 28 29 -1 0 -1 29 -1 26 27 29 -1 24 27 -1 10 -1 28 29 -1 19 23 -1 19 27 -1 24 -1
176 21 22 25 -1 12 14 -1 17 29 -1 27 29 -1 12 -1 13 -1 2 -1 10 -1 7 -1 27 29 -1 0 -1 7 -1 5 -1 22 -1 14 22 -1 19 25 -1 23 28 29 -1 21 24 -1
177 9 -1 21 26 28 29 -1 1 -1 10 24 28 -1 0 -1 10 24 29 -1 14 -1 2 -1 29 -1 16 -1 27 -1 10 -1 2 -1 0 -1 14 24 29 -1 20 -1
178 6 -1
179 7 17 -1 14 -1 3 -1 17 -1 17 23 24 -1
180 4 5 20 -1 18 24 -1 6 14 22 29 -1 12 25 -1 14 -1 20 -1 22 -1 13 28 29 -1 29 -1 15 -1 12 -1
181 11 16 -1 4 -1
182 11 22 29 -1 11 13 23 -1 14 -1 27 -1 12 15 -1 4 15 24 25 -1
183 24 26 28 -1 3 5 23 27 -1
184 4 -1 17 -1 26 -1 2 -1
185 29 -1 7 -1 29 -1 20 27 28 29 -1 25 -1 5 28 -1 9 -1 8 25 -1 11 -1 5 29 -1
186 10 -1 2 8 -1 9 20 25 26 29 -1 21 23 25 29 -1 25 -1 26 -1 22 25 28 29 -1
187 8 -1 25 28 29 -1 8 -1 17 -1 29 -1 13 -1 23 26 -1 22 -1 15 21 28 -1 23 26 27 -1 14 19 27 29 -1
188 24 28 29 -1 2 6 -1 19 -1 9 24 -1 27 -1 11 23 27 29 -1 16 -1 16 -1 6 27 -1 25 -1 2 -1 5 -1 10 -1 5 -1 27 -1 11 -1 17 25 -1 6 -1 10 -1
189 0 -1 12 21 25 -1 12 -1 22 23 27 -1 0 13 -1 5 19 28 -1 20 26 28 29 -1 29 -1 5 -1 12 23 25 27 -1
190 29 -1 6 -1 6 17 24 -1 29 -1 17 -1
191 0 15 23 29 -1 2 6 -1 10 11 -1 4 5 28 -1 13 20 -1 0 -1 17 -1 13 22 -1 29 -1 27 28 29 -1 23 -1 18 29 -1
192 16 -1 4 -1 13 -1 9 13 22 25 27 -1 25 -1 0 -1 19 -1 28 29 -1 0 1 -1 16 -1 9 -1 10 29 -1
193 3 12 13 -1 17 27 29 -1 21 25 -1 0 29 -1 5 -1 5 23 26 29 -1 3 -1 15 -1 19 26 27 -1 0 -1 17 24 28 29 -1 26 27 29 -1
194 27 -1 13 22 -1 0 18 -1 28 -1 5 -1 19 -1 27 -1 21 -1 15 -1 17 -1 15 -1 4 -1 13 -1 20 24 27 29 -1 0 -1 11 21 -1 18 -1 1 -1 12 -1 3 -1
195 18 22 26 -1 14 -1 1 -1 3 5 22 -1 19 27 -1 0 -1 20 29 -1 18 -1 9 -1 12 -1
196 13 -1 7 21 -1 7 -1 28 29 -1 18 29 -1 16 -1 7 9 15 -1
197 1 -1 3 -1 15 -1 4 -1 9 -1 28 -1
198 3 -1 26 -1 20 24 -1 24 -1
199 6 -1 24 -1 23 24 -1 8 -1 19 28 29 -1
200 15 17 -1 11 -1 22 -1
201 9 -1 8 -1 7 24 26 29 -1 6 19 -1 12 -1 2 5 -1 1 -1 7 19 -1 12 29 -1 5 -1 17 -1 1 19 22 24 -1 0 7 20 21 -1 29 -1 22 -1
202 22 -1 29 -1 26 -1
203 1 -1 21 22 24 -1 29 -1 25 27 -1 13 19 -1 25 26 27 -1
204 16 -1 11 -1 6 -1
205 22 -1 22 25 -1 3 15 -1 24 28 -1 1 6 -1 0 -1
206 3 -1 27 29 -1 6 29 -1 9 13 17 -1 0 -1 19 26 -1 6 -1 4 -1 28 -1 23 -1
207 10 -1 27 29 -1 17 28 -1 9 28 -1
208 2 -1 2 4 23 29 -1 26 28 29 -1 12 -1 28 -1 17 -1 24 28 -1 11 -1 6 22 25 27 28 29 -1
209 5 28 -1 18 -1 6 13 -1 7 -1 13 -1 27 -1 19 -1 16 -1 0 -1 29 -1 13 -1 20 -1
210 25 27 29 -1 12 14 27 28 -1 16 -1 19 28 -1
211 22 -1
212 28 -1 16 -1 3 -1 26 -1 3 8 19 26 -1 29 -1 8 26 29 -1 6 -1 7 10 21 -1 5 -1 2 13 -1 26 -1 4 -1 3 -1 27 29 -1 26 -1 20 -1 1 -1 24 -1
213 21 25 27 -1 4 -1 5 13 -1 12 21 28 29 -1 10 13 18 -1 18 23 25 -1 8 -1 27 -1
214 15 -1 6 18 -1 17 -1 14 19 22 24 25 28 -1 11 14 25 -1 29 -1 16 -1 0 -1 27 -1
215 25 -1 10 27 -1 6 15 17 24 26 -1 28 29 -1 8 -1 28 29 -1 19 -1 3 -1 16 -1 21 26 27 29 -1 9 26 -1 7 20 -1
216 23 27 -1 26 -1 28 29 -1
217 10 19 24 29 -1 18 25 -1 20 26 -1 23 24 -1 9 -1 8 18 25 27 -1 28 29 -1 27 -1 2 -1 7 -1
218 12 16 27 28 29 -1 29 -1 8 -1 18 20 -1 3 18 -1 15 -1 28 -1
219 22 24 -1 24 -1 13 -1 29 -1 24 25 27 28 -1 2 -1 16 26 29 -1 19 -1
220 10 17 27 -1 23 -1 21 29 -1 15 -1 28 -1 12 18 26 28 -1
221 14 -1 14 16 -1 3 -1 1 26 -1 3 -1 19 -1 9 -1
222 22 -1 2 23 -1 12 14 29 -1 15 -1 18 -1 8 -1 11 -1 27 28 -1 20 -1 12 20 -1
223 18 20 21 -1 17 -1
224 7 -1 15 -1 29 -1 8 22 -1 15 27 -1
225 16 28 29 -1 8 -1 1 -1 16 28 29 -1 19 -1 24 -1
226 18 26 27 29 -1 25 26 -1
227 3 -1 11 28 29 -1 3 10 -1 16 -1 5 23 -1 4 -1 24 28 29 -1 19 -1
228 3 19 25 -1 22 -1 0 9 18 24 -1 17 21 -1 22 29 -1 13 -1
229 21 29 -1 19 -1 26 -1 5 29 -1
230 26 28 -1 20 22 28 -1 3 4 -1 1 18 -1 19 25 26 -1 9 11 -1 27 29 -1 13 19 20 -1 9 -1 2 -1 24 -1 14 -1
231 23 -1 4 9 28 -1 2 -1 0 -1 27 -1 1 -1 6 -1 7 15 -1 18 -1 29 -1 15 28 -1 12 -1 21 26 -1 0 17 -1 15 19 20 25 -1 27 -1 26 28 -1 10 15 -1
232 19 -1 25 -1 29 -1 21 22 27 -1 6 -1 8 -1 4 -1 9 -1 20 -1 2 8 20 -1 12 -1 6 -1
233 8 19 27 -1 14 16 -1
234 17 28 -1 18 -1 21 -1
235 22 -1 26 29 -1 5 7 17 29 -1 13 21 -1 18 24 25 29 -1 5 -1
236 18 19 -1 22 27 -1 4 -1 12 -1 22 -1 23 28 29 -1 9 -1 25 28 -1 4 -1 6 16 -1 20 -1 19 24 -1 26 28 29 -1 4 7 -1 5 28 29 -1
237 5 -1 1 6 17 20 -1
238 13 -1 5 8 18 -1 7 20 -1 20 29 -1 22 -1 2 7 13 -1 1 -1 2 10 -1 9 23 28 -1 12 20 -1 11 26 -1
239 28 29 -1 24 -1 21 -1 4 -1 20 25 28 29 -1 5 8 27 29 -1 2 -1 4 22 -1 24 -1 16 24 -1 6 13 27 29 -1 15 -1 26 -1 12 22 27 -1 24 -1
240 21 -1 20 24 -1 18 -1 17 -1 7 -1 7 -1 20 29 -1 21 28 -1 20 26 -1 29 -1 19 -1 13 -1 0 -1 4 -1 8 -1 20 -1 9 -1 23 -1 25 29 -1 21 -1
241 27 -1 8 -1 20 28 29 -1 15 -1 9 16 19 23 -1
242 10 -1 13 -1 29 -1 11 27 -1 3 7 23 -1 4 -1 13 -1 8 -1 3 -1 18 27 29 -1 23 -1 29 -1 20 28 29 -1 9 15 21 -1 25 28 -1
243 28 29 -1 26 29 -1 11 -1 18 -1
244 9 -1 3 25 -1
245 22 28 29 -1 18 26 -1 22 26 -1 4 20 -1 10 -1 26 27 -1 2 -1 16 25 27 -1 17 -1
246 28 29 -1 21 -1 9 -1 15 -1 14 -1 21 -1 27 28 -1
247 10 -1 22 -1
248 11 -1 1 -1 20 22 26 -1 21 -1 13 23 -1 13 -1 8 29 -1 16 23 -1
249 6 -1 27 28 -1 26 -1 22 -1 19 -1
250 4 -1 25 -1 23 26 -1 6 -1 18 28 -1 26 -1 24 -1 20 -1 4 17 -1 26 27 -1 18 -1 15 18 27 29 -1 2 28 -1 1 -1 2 -1
251 4 23 28 -1 6 -1 26 27 -1 15 20 27 -1 5 -1 16 26 -1 13 -1 0 -1 29 -1 4 -1 5 19 -1 16 -1 23 -1 13 -1 20 22 24 28 -1
252 18 21 -1 14 25 -1 9 -1 12 -1 8 -1 12 19 -1
253 29 -1 28 -1 23 -1 27 -1 29 -1 13 -1 18 -1 17 -1 13 27 28 -1 9 21 -1 29 -1
254 10 -1 23 24 27 -1 13 14 22 29 -1 19 20 26 29 -1 19 -1 11 -1 6 -1 16 -1 1 -1 21 -1
255 18 24 -1 7 10 27 -1 28 -1 15 18 24 -1 21 -1 9 -1 0 -1 2 -1 29 -1 8 25 -1 1 -1 29 -1
256 9 12 -1 16 -1 21 -1 3 24 -1 28 29 -1 19 25 -1 19 -1 24 27 -1 17 -1 28 29 -1 20 22 -1 27 28 29 -1
257 6 -1
258 8 13 -1 19 29 -1 13 14 20 29 -1 10 29 -1 27 -1 0 8 19 -1 23 29 -1 19 -1 17 23 26 27 28 29 -1 9 29 -1 22 -1
259 15 -1 13 24 -1 18 20 -1 2 16 -1 13 -1
260 0 19 -1 13 -1 29 -1 9 -1 9 -1 15 22 -1 21 24 -1 24 -1 18 -1 8 23 25 -1 17 19 -1 14 -1 23 -1
261 14 -1 4 -1 19 21 23 28 -1
262 1 -1 1 27 29 -1 6 28 -1
263 28 29 -1 4 -1 28 -1
264 14 -1 26 -1 26 29 -1 19 24 28 -1 12 16 26 -1 16 23 -1 15 -1 23 26 29 -1 22 23 -1 26 29 -1 5 -1 2 3 10 -1 28 29 -1 27 29 -1 29 -1
265 26 -1 29 -1 4 -1 27 28 -1 16 28 29 -1 3 14 21 -1 8 19 -1 12 -1 4 19 24 -1 4 13 29 -1 17 -1 2 -1
266 1 -1 0 17 -1 7 12 20 23 26 27 -1 11 28 29 -1 4 5 16 28 29 -1 20 -1
267 25 -1 7 -1 11 -1 26 27 -1 25 27 29 -1 8 12 23 25 28 29 -1
268 16 -1 1 -1 22 -1 2 10 -1 20 24 28 -1 15 -1 2 -1
269 0 6 28 29 -1 6 -1 9 -1 21 -1 15 28 29 -1 18 28 -1 11 22 -1 4 12 -1 2 6 -1 12 -1
270 14 23 25 -1 21 -1 14 15 26 29 -1 20 27 -1 18 21 -1 19 24 27 29 -1 4 -1 3 -1
271 14 21 -1 24 29 -1 4 -1 15 -1 7 20 -1 8 -1 13 -1 5 -1 26 29 -1 21 22 -1
272 12 -1 27 29 -1 13 -1 11 -1 12 26 27 -1 0 -1
273 12 -1 17 -1 15 19 23 -1 3 -1 5 27 28 -1
274 17 -1 24 -1 22 25 29 -1 19 -1 26 -1 11 29 -1 18 25 -1 0 -1 28 -1 6 -1
275 15 21 -1 15 17 22 27 29 -1 20 -1 6 -1 12 15 -1 11 25 -1 23 -1 7 -1 22 -1
276 20 -1 8 21 26 -1 16 -1 29 -1 12 -1 16 18 -1 20 29 -1 19 -1 8 -1 1 -1
277 23 -1 2 -1 13 20 24 26 -1 7 -1 28 29 -1 29 -1 11 -1 25 29 -1 24 -1 11 25 26 -1 16 24 28 29 -1 24 -1
278 24 -1 17 -1 26 -1 21 29 -1 16 -1 23 -1 10 17 -1 0 -1 17 21 27 -1 22 -1
279 14 24 -1 13 27 29 -1 24 29 -1 1 15 -1 25 29 -1 6 -1 11 -1 28 29 -1 4 -1 11 12 -1 27 28 -1
280 21 24 29 -1 7 -1 23 -1 19 24 27 -1 7 -1 8 -1 10 -1 19 26 -1 21 -1
281 27 -1 9 -1 7 24 29 -1 16 20 -1 23 -1 26 28 -1 5 12 -1 15 -1 22 23 24 28 -1
282 7 -1 1 -1 17 29 -1 7 -1 8 -1 18 23 -1 0 -1 11 -1 24 27 -1 27 28 29 -1 8 -1
283 16 21 29 -1 20 -1 29 -1 16 25 -1 28 -1 23 -1 28 29 -1 28 -1 2 -1 0 29 -1 29 -1
284 1 -1 16 -1 24 -1 9 -1
285 27 29 -1 27 28 29 -1
286 8 22 -1 0 25 26 -1 14 -1 22 28 29 -1 8 -1 26 28 29 -1 14 -1 15 22 24 -1 13 22 -1 8 25 26 -1 5 -1 12 -1 18 -1
287 8 -1 6 -1 25 -1 23 -1 28 -1 27 -1 17 -1 0 3 -1 20 24 -1 9 -1 26 28 29 -1 24 -1 11 -1 2 19 22 -1 16 17 29 -1 26 29 -1 9 -1 28 -1 19 25 -1
288 10 24 29 -1 21 29 -1 23 -1 28 29 -1 12 18 -1 2 17 29 -1 2 -1 29 -1 3 -1 16 -1 2 -1 21 -1 5 -1 6 13 18 -1
289 27 29 -1 6 11 24 25 -1 4 23 29 -1 28 29 -1 11 19 24 28 29 -1 10 -1 18 -1 15 22 29 -1 27 -1
290 6 22 -1 9 19 20 -1 2 -1 24 -1 16 -1 18 -1 5 -1 18 26 28 -1 24 26 -1 22 27 29 -1 3 -1 16 -1 1 -1 21 -1
291 25 26 28 -1 17 22 -1 0 -1 15 -1 6 7 -1 25 -1 20 -1
292 12 17 -1 23 -1 26 28 29 -1 12 13 18 -1 24 -1 8 13 -1 4 18 -1 19 24 25 -1 11 -1 24 -1
293 0 -1 15 -1 13 -1 23 24 26 27 29 -1
294 27 -1 17 24 -1
295 17 -1 22 28 -1 27 28 29 -1 7 12 22 23 -1 8 -1 13 -1 13 21 29 -1 3 28 29 -1 11 21 26 -1 27 -1 6 18 25 -1 28 29 -1
296 15 -1 29 -1 1 4 -1
297 24 28 29 -1 14 21 22 -1 9 21 -1 10 -1 5 -1 17 27 -1 12 -1 10 -1 22 25 -1 1 -1 6 -1 25 -1 13 -1
298 7 -1 19 27 -1 1 -1 17 -1 19 -1 20 -1 16 24 -1 14 21 -1 15 23 -1 12 -1 15 -1 20 28 -1 9 -1 15 18 19 -1 18 -1 16 19 -1 18 -1 4 8 -1 20 -1
299 5 13 -1 15 26 -1 16 -1 19 -1 19 23 -1
300 18 22 27 -1 1 -1 15 16 -1 9 -1 4 -1 25 -1 13 24 -1 12 -1 19 -1 28 -1 15 26 -1 24 29 -1 29 -1
301 24 -1 2 15 25 -1 12 -1 16 23 -1 0 -1
302 18 25 26 -1
303 8 -1 11 -1 2 -1 10 -1 23 -1 12 16 20 -1 24 28 -1 24 -1 7 9 -1
304 13 -1 19 28 29 -1
305 18 -1 20 29 -1 22 26 28 -1 23 -1 16 -1 29 -1 4 -1 11 -1 22 -1 25 28 29 -1 9 -1 20 -1 14 15 -1
306 10 23 -1 0 2 22 -1 21 -1 25 -1 15 27 -1 14 17 18 19 25 -1 24 -1 4 7 -1 8 -1 9 22 27 -1 13 -1
307 25 -1 3 19 -1 9 -1 15 -1 29 -1 14 27 -1 12 -1 13 -1 6 -1 10 24 -1 13 18 -1 21 -1 14 -1 0 24 27 29 -1 26 -1 23 26 29 -1 23 27 29 -1
308 26 -1 8 9 27 -1 26 -1 16 -1 17 -1 13 -1 14 -1 0 -1 3 12 -1 2 18 -1 7 -1 1 -1 3 -1
309 29 -1 22 24 -1 14 20 25 -1
310 10 15 16 23 -1 19 22 29 -1 27 -1 8 -1 7 -1 12 16 27 29 -1 29 -1 24 27 -1 1 -1 20 -1 6 -1 24 -1 21 -1 19 -1 5 25 29 -1 20 -1
311 13 29 -1 25 -1 11 16 26 28 29 -1 11 -1 4 22 -1 20 29 -1 11 15 27 -1 24 -1 4 17 22 25 -1 1 -1 11 24 25 26 -1
312 6 -1 27 28 -1 12 -1 19 -1 22 -1 26 -1 12 -1 26 28 -1 28 -1 17 -1 6 23 -1 17 26 -1 0 14 21 -1 20 -1 3 18 -1 0 -1 15 24 -1
313 29 -1 16 22 -1 9 -1 12 14 -1 18 -1 20 -1
314 24 -1 4 6 -1 27 -1 8 -1 19 21 24 29 -1 6 11 -1 20 -1
315 4 21 27 -1 29 -1 11 -1 18 28 -1 4 -1 14 16 18 20 22 -1 15 -1 27 -1 26 -1 28 -1 6 -1 14 -1 15 -1
316 15 17 18 28 -1 21 -1 16 23 26 27 -1 8 11 -1 18 22 -1 10 -1 22 24 28 -1 6 7 19 -1 0 -1 13 -1 6 9 -1
317 14 -1
318 9 -1 12 17 -1 12 22 27 28 29 -1
319 28 29 -1 28 29 -1 4 -1 17 26 -1
320 5 -1 10 25 -1 0 27 29 -1
321 29 -1 12 20 -1 24 -1 6 -1
322 25 -1 4 -1 16 23 24 29 -1 21 -1 24 29 -1 16 27 -1 6 12 21 25 -1 1 10 15 -1
323 11 22 -1 7 -1 19 20 -1 27 -1 29 -1 29 -1 15 17 21 28 -1 5 17 21 29 -1 12 22 -1 17 24 -1
324 23 -1 20 27 -1 10 13 14 -1 11 22 26 27 -1 22 25 27 -1 21 26 -1 3 -1 1 -1 9 -1 19 23 -1 10 -1 9 -1 4 16 -1 6 -1
325 21 26 -1 9 -1 0 18 -1 22 -1 9 -1 12 19 -1 23 -1 13 21 -1 13 -1 29 -1
326 24 26 29 -1 0 -1 7 26 -1 1 -1 25 -1 13 17 -1 28 -1 8 16 -1 0 27 28 29 -1 24 -1
327 13 -1 9 -1 26 29 -1 11 19 20 -1 11 28 29 -1 12 21 -1 7 8 -1 12 -1 11 17 19 -1 15 26 -1 20 -1 5 -1 6 -1 10 -1 10 -1 15 16 23 -1 7 -1
328 4 -1 10 13 18 -1 19 -1 27 -1 7 19 -1 0 -1 22 28 29 -1 7 20 -1 13 -1 7 -1 18 27 28 29 -1
329 20 -1
330 27 -1 10 24 27 29 -1 12 19 23 -1
331 15 24 -1 27 29 -1 15 -1 23 -1 28 -1 15 -1 10 22 24 28 29 -1 29 -1 12 17 -1 21 23 -1 14 16 -1
332 9 -1 20 -1 15 25 -1
333 14 29 -1 14 -1 24 28 29 -1 3 13 29 -1 15 28 -1 21 -1 8 25 -1 23 -1 25 -1 17 25 28 -1 20 -1 25 -1 19 -1 24 -1 8 12 23 27 -1
334 11 28 -1 4 -1 25 28 -1 28 -1
335 9 -1 12 25 26 29 -1 23 29 -1 5 26 -1 22 -1 3 20 -1 1 -1 3 -1 6 17 -1
336 27 -1 2 -1 16 27 29 -1 11 -1 25 -1 20 25 -1 13 -1 13 24 -1 20 27 -1 11 13 17 25 -1 7 8 -1 14 25 -1 3 -1 23 -1 25 -1 7 19 -1
337 29 -1 3 28 29 -1
338 2 22 -1 26 27 29 -1 27 -1 23 26 27 -1 22 -1 9 -1 7 22 -1 29 -1 24 25 28 -1 8 11 -1 27 29 -1 6 17 -1
339 19 25 28 29 -1 28 -1 5 8 -1 20 -1 18 -1 16 -1 2 16 25 28 29 -1 20 -1 27 -1 24 -1
340 16 20 -1 2 20 -1 15 -1 12 22 -1 15 16 -1 28 29 -1 18 27 -1 15 26 -1 18 26 -1 0 -1
341 20 23 29 -1 26 -1 3 -1 13 -1
342 17 28 29 -1 0 -1 6 26 28 29 -1 2 25 29 -1 22 -1 6 11 -1 15 -1
343 8 -1 8 -1 6 -1 9 15 -1 16 28 29 -1 10 -1 0 -1 23 -1 15 23 -1
344 2 -1 0 -1 3 -1 24 25 -1 0 22 26 27 -1 20 -1
345 14 -1 27 29 -1 10 22 -1 16 -1 10 -1 21 29 -1 23 29 -1 1 -1 2 24 28 -1 2 -1 14 -1 14 24 -1
346 22 24 -1 4 -1 2 -1 0 28 -1 2 -1 19 27 -1
347 8 29 -1 28 -1 20 24 -1 19 29 -1 24 -1 2 -1 4 8 20 25 -1 18 27 28 -1 14 -1 3 -1 27 29 -1 23 26 27 -1 2 -1
348 17 20 -1 24 -1 7 -1 0 6 -1 9 -1 7 8 -1 23 25 29 -1 25 29 -1
349 14 -1 16 25 -1 15 -1
350 18 -1 15 21 24 -1 12 21 -1 19 -1 5 10 15 -1 20 -1 1 27 28 -1 25 -1 23 25 -1 9 14 -1 12 -1
351 6 -1 1 -1 26 -1 18 -1 22 -1 23 26 -1 29 -1 26 -1 12 -1 8 -1 12 -1 3 25 -1 14 -1
352 22 -1 6 -1 14 -1 15 28 29 -1 14 -1
353 18 -1
354 10 24 25 -1 11 -1 5 17 24 27 -1 19 -1 1 -1 29 -1 6 -1 14 -1 27 -1 9 13 -1 14 -1 7 -1 7 28 -1 17 -1 16 27 -1 0 -1 20 -1 19 -1 9 -1 11 -1 28 -1
355 5 -1 4 9 -1 28 -1 29 -1 21 -1 3 28 29 -1 11 22 -1 16 -1 10 16 -1 15 16 -1 7 14 -1 21 -1 10 19 -1 25 27 29 -1 9 -1 1 -1 24 28 -1
356 26 -1 3 -1 11 26 -1 27 -1 20 -1 8 -1 11 22 -1 21 23 -1 14 19 21 -1
357 15 23 -1 26 -1
358 6 18 -1 20 -1 29 -1 8 -1 25 27 28 29 -1 4 20 22 27 29 -1
359 29 -1 19 -1 22 -1 29 -1 19 22 26 28 29 -1 23 25 -1 27 -1 0 -1 19 -1 2 28 29 -1 28 -1 2 13 26 28 -1 4 19 -1
360 1 -1 26 -1 26 27 28 -1 14 29 -1
361 20 -1 8 12 -1 10 18 20 25 29 -1 28 -1 22 23 24 -1 8 -1
362 23 -1 20 23 -1 29 -1 26 27 -1 8 -1 13 -1 2 12 -1 18 -1 3 -1 17 21 23 -1 12 -1
363 29 -1 7 15 -1 25 29 -1 3 -1 10 16 27 -1 21 -1 23 -1 22 -1 7 20 25 -1 10 18 -1 22 29 -1 17 27 -1 6 19 22 -1
364 22 -1
365 9 24 -1 0 28 -1 3 18 -1
366 24 -1 26 28 -1 15 18 -1 7 -1 3 6 -1 5 29 -1
367 22 -1 20 22 25 -1 9 24 -1 25 -1 26 28 -1 27 -1 19 -1 22 29 -1 3 -1 2 3 -1 12 -1 27 28 -1 12 -1 22 25 -1 19 22 -1 28 -1
368 12 -1 11 16 -1 21 -1 21 -1 4 22 24 28 29 -1 13 -1 10 -1 14 -1 28 -1 27 -1 1 -1 12 -1 21 24 28 -1 14 -1 23 28 -1
369 1 24 29 -1 12 24 -1 19 22 -1 17 -1
370 28 -1 19 -1 15 16 -1 24 -1
371 15 -1 29 -1 6 -1 28 29 -1 21 -1 26 27 -1 24 -1
372 28 29 -1 25 28 29 -1
373 14 -1
374 16 -1 2 -1 8 -1 26 27 28 29 -1 24 26 29 -1 21 -1 6 -1 1 -1 27 -1 11 -1 20 24 25 29 -1 17 -1 18 -1 2 -1
375 16 23 -1 14 -1 26 27 28 29 -1 4 -1 19 21 22 -1 19 23 -1 28 -1 17 27 -1 2 -1 15 27 -1
376 25 27 -1 13 -1 13 22 29 -1 3 27 28 29 -1 4 14 25 -1 15 -1 18 -1 2 15 -1 17 -1 0 -1
377 13 -1
378 15 -1 3 5 12 28 29 -1 24 -1 13 24 29 -1 2 13 -1 29 -1 5 6 -1 17 22 29 -1 16 21 -1 3 16 -1 10 22 -1 22 -1 19 -1 6 -1
379 27 -1 0 -1 27 -1
380 12 22 25 -1 18 23 -1 29 -1 4 -1 29 -1 0 15 29 -1 4 -1 15 23 -1 13 28 29 -1 3 -1 12 -1 28 -1 0 -1
381 11 22 28 -1 1 27 -1 16 -1 8 -1 6 14 19 -1 16 18 -1 19 25 27 29 -1 17 -1 29 -1 1 16 26 -1 5 -1 24 28 29 -1
382 17 18 29 -1 8 -1 24 25 -1 24 -1 10 -1 7 27 28 -1 29 -1 17 -1 25 -1 21 22 29 -1 0 -1 23 -1 12 15 -1
383 21 -1 5 9 -1 11 25 -1 3 29 -1 11 23 27 29 -1 26 29 -1 19 -1 12 -1 25 29 -1 27 29 -1 6 16 -1
384 27 28 29 -1 10 14 29 -1 22 24 -1 14 -1
385 13 -1 17 -1 11 18 -1 16 17 21 -1 25 -1 6 -1 7 13 22 24 -1 21 25 -1 28 29 -1 2 -1 0 -1 4 23 25 29 -1 17 29 -1 20 -1 29 -1 4 -1
386 14 -1 15 23 -1 12 -1 7 29 -1 9 19 -1 0 -1 21 -1 26 27 -1
387 29 -1 15 -1 10 12 16 27 -1 13 -1 13 23 -1 4 12 18 25 -1 27 28 29 -1 12 -1 12 -1 0 25 -1 20 21 28 -1 28 29 -1 27 29 -1
388 24 29 -1 19 25 29 -1 8 -1 22 -1 21 28 29 -1 22 -1 19 -1 11 16 -1 9 27 -1 2 -1 10 -1 1 -1 21 27 -1 20 -1 13 -1 8 16 24 27 -1 13 26 -1
389 29 -1 8 -1 19 22 27 -1 27 28 29 -1 18 20 -1 6 17 -1 20 21 24 25 -1 14 15 -1 20 -1 21 -1 20 -1 29 -1
390 14 24 -1
391 22 29 -1 7 16 27 -1 20 23 -1
392 29 -1 11 -1 16 23 -1 19 -1 10 23 29 -1 1 3 22 -1 11 -1 3 -1 27 29 -1 1 19 26 29 -1
393 3 7 -1 8 11 -1 3 10 -1 20 -1 14 -1 27 -1
394 28 29 -1 11 14 17 -1 17 -1
395 26 29 -1 27 29 -1 4 -1 4 6 -1 19 22 23 25 -1
396 27 29 -1 13 25 28 29 -1 17 18 24 -1 24 -1 12 20 -1 21 23 -1 4 -1 29 -1 6 -1 26 -1
397 16 24 29 -1 28 -1 26 27 28 -1
398 14 -1 3 -1 10 22 23 -1 8 -1 20 -1 19 -1 10 -1 26 27 28 29 -1 9 -1
399 19 25 26 -1 8 -1 27 -1 3 -1 23 -1 27 29 -1 7 19 -1 11 -1 22 -1 10 28 29 -1 11 -1 24 26 28 -1
400 25 -1 6 -1 21 -1 2 -1 16 21 27 29 -1 27 29 -1 20 22 24 -1 26 -1 22 -1 22 -1 1 12 18 24 -1 22 24 -1 0 -1
401 20 -1 23 -1 18 -1 21 27 28 -1
402 1 -1 18 19 -1 6 -1 0 -1 24 -1 23 -1 4 -1 8 -1 0 -1 27 29 -1 1 -1 5 19 -1 1 -1 0 1 -1 20 -1 8 -1 3 12 -1 3 -1
403 24 25 -1 7 -1 0 8 -1 15 23 -1 6 -1
404 13 18 -1 7 13 27 29 -1 25 -1 11 29 -1 29 -1 15 19 23 -1 24 28 -1 13 27 -1 9 -1 2 -1 26 29 -1 11 -1 18 26 -1 12 -1
405 29 -1 29 -1 4 -1 25 28 -1 18 28 -1 20 -1
406 13 22 -1 16 -1 28 29 -1 6 27 -1 22 23 25 26 27 -1 25 29 -1 21 28 29 -1 22 26 29 -1 23 -1 19 22 -1 26 28 29 -1 28 -1 12 -1
407 14 20 -1 12 27 29 -1 16 -1
408 2 23 24 -1 14 19 20 23 -1 12 -1 16 24 25 27 28 -1 3 -1 24 -1 19 23 29 -1 29 -1
409 17 18 -1 9 -1 12 -1 12 -1 7 -1 17 -1 26 -1 4 26 -1 18 20 -1 19 26 -1 1 22 -1 10 19 -1 0 18 23 27 -1 1 -1 2 -1 11 16 -1 9 13 17 -1
410 14 25 26 27 -1 22 -1 19 29 -1 17 -1 13 18 -1 23 -1
411 26 29 -1 23 26 28 29 -1 12 -1 5 13 -1 13 26 -1 12 -1 15 -1 13 21 24 -1 11 18 -1 25 -1 8 20 27 29 -1 3 -1 1 24 -1 26 27 -1 0 -1
412 22 29 -1 23 -1 24 26 27 29 -1 1 -1 22 -1 18 -1 13 18 -1 27 -1 3 -1 23 27 -1 1 25 28 -1
413 24 -1 26 29 -1 3 23 28 29 -1 10 -1 1 -1 27 -1 0 -1 0 27 -1 24 -1 29 -1 19 24 28 29 -1 28 29 -1
414 3 -1 18 26 27 -1 23 25 -1 9 29 -1 26 -1 23 24 -1 16 27 -1 6 21 -1
415 18 -1 2 -1 28 29 -1 10 -1 8 9 -1 22 24 -1 9 13 -1
416 12 15 -1 8 13 -1 10 -1 17 -1 24 26 28 -1 28 29 -1
417 19 21 25 28 29 -1 16 -1 27 28 -1 12 -1 6 22 -1 17 -1 22 28 -1 25 -1 2 13 -1 7 28 29 -1 6 -1
418 2 -1 5 23 26 -1 9 -1 23 26 -1 8 9 -1 6 28 -1
419 21 28 -1 23 -1 24 -1 8 14 -1 26 27 28 29 -1 21 22 -1 3 -1 16 27 28 29 -1 8 -1 1 26 -1 5 6 8 -1 27 -1 19 -1 3 26 -1 26 -1
420 2 -1 0 20 -1 10 23 27 29 -1 24 -1 4 -1 12 -1 9 20 -1 6 -1 19 21 27 -1 4 -1 9 -1 5 -1
421 14 -1 29 -1 7 -1 0 13 -1 5 -1 11 -1 5 11 21 23 -1 10 -1 7 25 26 -1 14 22 -1 19 23 -1 27 -1 16 -1 26 29 -1 6 -1
422 7 -1 14 26 -1 6 9 -1
423 6 22 -1 24 -1 8 -1 9 -1 28 29 -1 12 -1 2 -1 1 -1 23 25 -1 5 -1 19 -1 8 -1 23 25 -1 13 24 26 -1 25 -1
424 1 -1 12 27 -1 11 -1 26 -1 0 -1 1 -1 15 -1
425 5 23 29 -1 25 29 -1 1 -1 3 -1 4 5 -1 6 17 -1 22 29 -1 6 -1
426 25 26 -1 4 28 -1 12 -1 17 22 28 -1 20 21 23 27 -1 7 -1 9 -1 15 -1 16 28 -1 29 -1 20 -1 18 19 24 29 -1 26 28 29 -1 11 -1 15 -1
427 2 15 -1 20 27 -1 15 -1 11 15 -1 13 21 22 -1 1 -1 18 28 -1 2 17 -1 4 -1
428 15 27 28 29 -1 6 -1 26 27 28 -1 1 4 21 -1 6 -1 26 28 29 -1 12 29 -1 9 29 -1
429 2 21 26 29 -1 26 -1 5 22 23 -1 25 28 -1
430 3 -1 27 28 -1 15 20 26 29 -1 24 28 -1 3 -1 2 -1 26 -1
431 3 20 29 -1 29 -1 28 29 -1 1 -1 6 -1 22 25 28 29 -1 2 -1
432 10 16 27 -1 15 20 -1 3 -1 27 -1 25 28 -1 11 -1 0 -1 20 -1 23 29 -1 11 21 -1
433 14 -1 20 21 -1 6 -1 26 28 -1 26 -1 5 -1 24 -1 10 -1 18 21 28 -1 25 -1 2 7 8 -1 3 -1 8 -1 22 26 -1 25 -1
434 11 -1 3 4 13 -1 25 -1 20 -1 6 -1 17 21 -1 18 -1 2 7 27 29 -1 13 16 19 20 26 -1
435 29 -1
436 27 -1 9 12 19 -1 25 -1 21 -1 18 -1 29 -1 9 -1 5 -1
437 13 -1 28 -1 2 -1
438 27 -1 9 -1 6 -1 29 -1 8 -1 26 -1 27 -1 25 -1 0 -1 7 13 15 -1
439 6 -1 21 -1 16 28 29 -1 9 -1 8 -1 29 -1 26 29 -1
440 29 -1 20 28 -1 24 -1 28 29 -1 20 27 29 -1 12 -1 18 -1 2 20 21 -1 22 29 -1 19 -1 13 29 -1 18 20 -1 7 13 23 25 26 28 29 -1 26 -1
441 15 29 -1 17 -1 21 -1 8 14 -1
442 10 25 -1 6 12 26 -1 29 -1 13 -1 4 8 -1 13 15 -1 17 18 24 -1
443 29 -1 1 -1 18 27 -1 13 21 27 -1 3 24 26 -1 7 23 29 -1 0 -1 27 29 -1 3 -1 22 26 -1 10 -1 27 -1
444 20 21 25 -1 19 -1 1 23 -1 18 -1 14 -1 1 -1 24 -1
445 8 26 29 -1 22 28 29 -1 15 -1 15 -1 24 -1 8 15 -1 18 -1 12 29 -1 29 -1 7 -1 6 -1 29 -1 0 -1 1 8 17 24 -1 20 -1
446 14 23 27 29 -1 15 -1 7 -1 14 -1 2 -1 21 -1 10 29 -1 4 -1 1 22 -1 2 -1 14 -1 22 28 -1 18 -1
447 26 27 -1 26 -1 4 -1 23 24 -1 13 -1 16 -1 0 -1 10 29 -1 1 19 28 -1 21 22 28 -1 7 -1 10 18 -1 9 18 22 -1
448 17 -1 8 -1
449 18 -1 23 27 -1
450 26 -1 23 -1 6 27 29 -1 15 18 -1 3 27 -1 3 -1 0 26 27 -1
451 12 -1 6 19 29 -1 7 12 26 -1 1 17 18 29 -1 20 22 29 -1 17 21 -1 7 -1 7 8 -1 16 -1 5 -1 4 -1 13 -1 28 -1 4 -1 22 -1
452 15 -1 2 -1 8 -1 22 -1 17 -1 13 -1 22 23 -1 10 -1 12 -1 5 -1 9 28 29 -1 26 -1 12 16 -1 4 16 -1 22 -1 2 -1 26 28 -1 6 -1 12 13 -1 0 -1
453 9 -1 27 -1 9 10 -1 3 5 -1 4 22 23 29 -1 24 28 -1 11 -1 18 -1 17 -1 12 17 -1 17 -1 25 27 -1 3 10 15 18 -1 0 12 25 29 -1 14 -1
454 26 27 29 -1 20 25 -1 15 -1 10 15 17 -1 11 13 -1 5 -1 12 25 -1 22 25 -1 28 -1 24 29 -1 15 -1 23 -1 21 22 -1 29 -1 17 -1
455 10 -1 11 19 28 -1 1 20 -1 28 -1 21 25 -1 11 14 -1 21 23 -1 28 29 -1 20 26 -1 9 -1 5 15 26 -1 24 26 -1 6 -1 3 12 -1 2 -1
456 29 -1 29 -1 19 26 -1 10 28 29 -1 0 26 -1 28 -1 3 8 -1 6 21 24 -1 14 16 -1 17 24 -1
457 25 -1 29 -1 18 19 -1 21 23 -1 24 -1 17 -1 3 -1 6 -1 27 -1 0 -1
458 24 29 -1 21 -1 21 22 27 -1 16 -1 0 -1 16 -1 11 17 21 -1 5 -1
459 8 16 -1 26 29 -1 26 27 28 -1 10 19 29 -1 23 -1 0 -1 19 -1 29 -1 11 16 -1 9 -1 16 27 29 -1 27 -1 18 -1 25 -1 29 -1 14 -1 22 -1 28 -1
460 11 -1 21 -1 4 16 23 -1 25 27 29 -1 6 24 26 -1 15 -1 20 -1 10 23 -1 7 -1 14 24 -1 29 -1 5 21 27 -1 18 -1 4 16 -1
461 12 25 27 28 29 -1 1 -1 18 -1 10 28 -1 16 -1 5 -1 20 28 29 -1 23 26 28 -1 21 -1 29 -1 7 -1 23 27 -1 11 -1
462 7 8 22 28 29 -1 24 26 -1 1 6 9 -1 7 26 -1 9 -1 5 25 -1 16 26 -1 27 28 -1
463 19 29 -1 14 26 -1 11 13 -1 6 -1 18 24 -1 11 -1 3 -1
464 17 -1 9 -1 20 23 29 -1 4 11 -1 4 28 29 -1 7 -1 16 27 -1 12 -1 1 -1 17 27 -1 16 18 19 -1
465 17 21 -1 5 -1 17 -1
466 5 -1 0 -1 6 -1 18 25 -1 6 18 -1 19 24 -1 15 29 -1
467 19 -1 5 -1 28 -1 0 -1 22 23 -1 0 -1 12 14 -1 2 -1 11 -1 28 29 -1 1 -1
468 4 27 -1 11 18 26 -1 29 -1 21 -1 27 28 -1 28 -1 1 -1 15 -1 13 20 -1 23 27 29 -1 25 29 -1 9 -1
469 14 -1 8 25 27 -1 17 -1 16 -1 5 -1 4 14 -1 6 -1 15 -1 11 -1 4 -1 9 -1 18 -1 16 -1 14 24 -1 12 -1 14 -1
470 0 -1 13 -1 8 -1 11 12 -1 12 18 -1 3 -1 5 19 23 -1 22 27 28 -1 9 20 -1 22 26 -1 14 29 -1 4 -1 15 -1 22 -1 20 -1 9 -1 1 -1 14 -1
471 7 28 29 -1 12 -1 13 -1 8 28 -1 0 -1 19 -1 13 -1 9 -1 6 -1 22 25 -1 6 7 28 -1 20 -1 29 -1 1 -1 11 -1 23 26 29 -1
472 14 -1 8 20 22 26 -1
473 20 23 26 27 -1 2 -1 20 24 26 -1 26 -1 15 -1 2 -1 23 -1 15 -1 23 28 -1
474 24 -1 19 -1 6 25 28 -1 12 22 28 -1 17 22 -1 18 -1 16 22 24 -1 5 -1 1 -1
475 3 20 -1 28 29 -1 8 20 -1 9 -1 14 -1 25 -1
476 25 -1 14 -1 12 -1 3 5 -1 26 -1
477 27 28 29 -1 26 27 29 -1 13 -1 18 -1 28 -1
478 18 -1 6 -1 8 -1 8 -1 14 -1 25 26 -1 2 23 -1
479 6 -1 28 -1 21 29 -1 22 26 -1 24 29 -1 28 -1 28 -1 11 -1 21 -1 24 -1 16 26 -1 18 -1 0 -1
480 13 15 -1 7 24 28 29 -1 9 -1 4 29 -1 17 -1 10 -1 22 -1 11 13 -1 17 26 -1 22 -1 12 27 -1 25 26 -1 4 22 23 -1
481 25 -1
482 26 -1
483 2 19 22 28 29 -1 20 22 24 -1
484 13 27 -1 23 24 27 -1 25 -1 27 29 -1
485 19 22 23 25 28 29 -1 9 -1 14 18 24 -1 1 -1 23 26 28 -1 2 -1 18 24 -1 22 -1 23 26 28 -1 7 -1 21 -1 1 -1 5 -1 16 -1
486 21 26 -1 11 17 -1 25 28 29 -1 25 26 -1 3 -1
487 17 -1 25 -1 12 -1 28 -1 23 24 -1 14 28 -1 14 17 29 -1 27 29 -1
488 3 21 24 26 29 -1 0 -1 4 -1 18 -1 10 18 -1 12 13 23 -1 12 -1 22 -1 25 28 -1 2 -1 9 -1
489 9 -1 21 -1 21 27 29 -1 11 -1 29 -1 29 -1 20 23 -1 6 29 -1 10 13 -1 15 -1 5 -1 10 -1 9 -1 14 15 -1
490 18 -1 18 29 -1 3 -1 22 26 27 -1 11 16 -1 4 -1
491 15 -1 12 -1 27 -1 25 -1 9 -1 29 -1
492 26 28 29 -1 21 22 -1 10 -1
493 5 -1 5 -1 22 28 -1
494 12 28 29 -1 26 28 -1 10 -1 1 -1 3 -1
495 12 24 -1 13 19 25 28 29 -1 17 29 -1 21 -1 16 -1
496 22 -1 21 -1 29 -1 7 -1 17 -1 11 26 -1 23 29 -1 7 16 21 25 29 -1 18 20 -1 14 -1 4 16 24 25 -1 4 29 -1 29 -1
497 3 -1 25 28 29 -1 3 7 -1 6 20 -1 15 -1 1 26 -1 0 2 10 21 24 -1 14 28 -1 24 -1 26 -1
498 13 -1 6 20 28 -1 18 21 -1 18 25 -1 17 -1
499 8 -1 1 22 -1 15 29 -1 24 25 29 -1 24 -1 13 -1 3 11 -1 5 7 -1 2 -1 8 24 -1 29 -1
500 22 24 -1 12 -1 6 23 -1 29 -1
