1050
1 27 -1 19 -1 25 -1 20 22 25 26 -1 6 -1
2 15 -1 25 28 29 -1 29 -1 11 27 -1 18 20 -1
3 5 18 -1 28 -1 7 13 14 -1 11 21 -1 26 -1 8 -1 28 -1 27 28 29 -1 18 20 -1 29 -1 24 27 29 -1 17 25 26 28 -1 22 -1 26 -1 8 -1 11 -1 2 -1
4 12 -1 22 26 -1 28 29 -1 10 -1 19 -1 2 -1 28 -1 2 7 27 -1 21 -1 20 -1 8 -1 8 -1 6 -1 16 -1
5 25 -1 18 -1 18 19 -1 5 27 28 -1 12 27 -1 8 -1 5 14 -1 12 21 25 27 -1 9 -1 16 20 26 28 29 -1 11 -1 7 26 29 -1 13 14 -1
6 20 -1 24 26 29 -1 27 29 -1 6 -1 20 24 -1
7 22 -1 21 27 -1 5 27 -1 22 -1 16 17 28 -1 9 -1 17 26 -1
8 7 29 -1 26 -1 10 18 -1 24 27 -1 12 15 29 -1 26 28 -1 21 23 -1 28 29 -1 25 -1 19 -1 18 21 28 29 -1 20 -1 23 24 26 27 -1
9 11 -1 29 -1 15 25 28 29 -1 23 -1 6 -1
10 18 -1 12 -1 27 -1 8 19 -1 23 -1 13 21 -1 9 -1 25 29 -1 19 28 29 -1 15 25 27 28 -1 27 -1 14 -1 12 18 -1 25 27 -1 10 12 15 17 -1
11 3 21 -1
12 10 -1 10 15 -1 26 -1 27 -1 28 29 -1 16 -1 29 -1 4 -1 5 -1 25 -1
13 11 19 -1 10 -1 21 27 28 -1 27 28 -1 20 25 28 29 -1 24 -1 29 -1 2 -1 21 24 -1
14 8 20 -1
15 24 -1 23 -1 20 23 26 27 28 -1 8 21 29 -1 15 18 23 -1 18 -1 10 -1 26 -1 3 -1 19 20 21 26 -1 23 27 -1 7 -1
16 15 -1 8 13 -1 15 29 -1 16 -1 1 -1 15 -1 28 -1 6 -1 10 28 29 -1
17 19 -1 24 26 29 -1 29 -1 18 25 28 -1 14 -1 15 -1 27 -1 8 -1 0 20 -1 16 21 -1 14 -1 25 27 -1
18 10 -1 1 -1 13 -1 4 -1 20 -1 22 -1
19 1 29 -1
20 1 20 -1
21 17 28 29 -1 11 -1 1 -1 18 -1 22 24 -1 28 29 -1 4 -1
22 19 -1 11 -1
23 23 -1 2 -1 21 22 24 -1 6 -1 11 -1 2 -1 1 -1 9 18 21 -1 25 -1 18 -1 4 -1 24 27 29 -1 16 17 -1 0 -1 10 19 22 24 27 -1 15 -1 3 -1 16 -1
24 13 -1
25 17 -1 5 21 -1 26 -1 26 -1
26 5 8 20 24 -1 8 22 -1 10 18 -1 3 26 27 -1 12 13 20 28 29 -1 5 -1
27 25 -1 21 -1 28 -1 3 -1 20 23 -1 7 9 26 -1 12 23 -1 0 -1 2 -1 6 8 26 -1 1 23 -1 25 27 -1 3 -1
28 1 23 27 -1 14 21 -1 19 -1 10 -1 28 29 -1 25 -1 14 -1 17 -1
29 5 10 18 21 22 -1 21 24 -1 4 -1 6 11 28 29 -1 0 -1 4 -1 15 22 -1
30 17 -1 10 -1
31 28 29 -1 1 26 -1 29 -1 13 -1 28 -1 6 -1 16 17 -1 22 -1 13 -1 15 19 -1 15 26 -1 10 20 29 -1 23 -1 14 25 29 -1 27 28 29 -1
32 10 -1 8 24 25 26 -1 1 14 22 -1 5 -1 11 -1
33 11 -1 12 -1
34 23 25 -1
35 21 -1 28 -1 29 -1 11 -1 7 -1 0 -1 6 -1 5 21 28 29 -1 14 -1
36 10 19 28 29 -1 21 -1
37 28 29 -1 23 -1 18 -1 23 -1
38 24 29 -1 16 25 -1 4 10 -1 0 -1
39 28 -1 12 28 -1 8 22 27 -1 1 -1
40 17 24 28 -1 22 -1 12 13 -1 27 -1 17 20 24 27 -1 28 -1 17 -1
41 28 -1 25 -1 7 23 -1 11 28 29 -1 3 10 -1 14 -1
42 2 -1 26 28 29 -1 19 -1 2 -1 7 28 -1 26 28 -1 18 -1 7 -1 23 27 29 -1 2 5 -1 4 -1 11 19 -1 26 27 28 -1 10 14 18 -1 18 -1
43 11 -1 19 25 28 -1 27 29 -1 4 -1 25 -1 4 10 18 -1 23 -1 18 -1 29 -1 10 -1 15 -1 9 -1 7 24 28 -1 26 -1 24 -1 15 19 29 -1
44 22 27 -1 21 22 27 28 -1
45 5 7 -1 22 -1 25 -1 23 -1 19 25 28 29 -1 13 29 -1 25 27 -1 24 -1 24 -1 25 -1 17 -1 8 -1
46 13 29 -1 10 26 -1 14 -1 15 -1 15 -1 23 26 27 29 -1 17 20 29 -1 21 -1 11 25 27 -1 7 -1 15 18 24 -1 15 20 23 25 -1
47 19 26 -1 18 -1 21 27 -1 7 -1 6 7 -1 11 -1 17 21 25 27 -1 18 27 29 -1 19 -1
48 24 29 -1 14 22 28 -1 18 -1 0 -1
49 4 17 -1 21 24 26 -1 9 15 24 26 29 -1 19 20 -1 29 -1 15 -1 17 29 -1
50 22 -1 8 22 -1 0 2 29 -1 26 29 -1 3 -1 10 -1 10 -1 5 -1 23 24 -1 28 29 -1 6 -1 9 13 25 -1 22 28 -1 26 29 -1 29 -1 9 26 27 -1 2 -1
51 1 13 22 29 -1 10 -1 14 18 19 -1 28 -1 9 -1 8 -1 19 -1 21 27 28 -1
52 28 -1 23 24 -1 22 -1 26 29 -1 28 29 -1 14 28 -1 4 -1 18 -1 26 -1 25 -1 7 -1
53 24 -1 0 25 28 -1 1 11 -1 4 11 -1 0 10 20 25 -1 26 28 29 -1 8 -1 3 27 28 -1 2 8 -1 22 -1 7 -1 11 14 -1 11 -1
54 5 -1 11 22 -1 22 26 28 -1 17 -1 16 27 -1 23 24 -1 16 18 28 29 -1 23 25 27 -1 29 -1 2 -1 24 25 -1 10 14 -1 19 -1 1 7 -1 25 -1
55 29 -1 10 22 28 -1 5 -1
56 18 29 -1 28 29 -1 7 13 18 19 -1 11 -1 19 -1 25 28 -1 25 -1 20 27 -1 9 -1 27 -1 3 -1 8 17 22 -1 10 29 -1
57 12 -1 23 -1 29 -1 16 20 -1 18 -1 28 29 -1 4 18 26 -1 27 -1
58 6 7 -1 21 26 28 -1 29 -1 16 -1 24 29 -1 19 -1 20 23 -1 1 -1 22 -1
59 22 -1 25 -1 29 -1 19 -1 3 -1 0 6 28 -1 12 -1 22 -1 29 -1 5 15 29 -1 12 13 19 21 28 29 -1 25 -1 27 29 -1
60 2 4 -1 22 -1 12 -1 7 -1 6 15 28 29 -1 1 -1 0 11 -1
61 8 -1 14 23 -1 29 -1 21 29 -1 0 6 -1 1 2 -1 1 7 14 -1 1 -1 21 -1 28 -1 5 -1 13 -1 2 -1 3 -1 26 29 -1 27 -1 29 -1 24 -1 7 24 -1 18 -1
62 15 16 -1 20 25 27 -1 18 19 20 28 -1 22 25 29 -1 10 15 26 -1 2 -1 23 28 -1
63 26 -1 25 -1 22 -1 20 -1 19 26 -1 28 -1 17 -1 26 -1 22 27 -1 22 27 29 -1 19 -1 27 -1
64 0 -1 28 -1 28 -1 3 13 -1 2 -1 8 16 18 -1 23 29 -1 6 19 21 -1
65 9 -1 24 -1 5 -1 6 -1 28 29 -1
66 8 -1
67 4 18 -1 24 27 28 -1
68 14 18 20 -1
69 18 27 28 29 -1 14 -1 6 23 -1
70 20 -1 13 14 28 29 -1 13 28 -1 5 -1 10 21 26 28 -1 14 -1
71 10 -1 12 17 28 -1 11 -1 17 27 -1 19 -1 16 -1 21 29 -1 11 29 -1 16 -1 5 16 27 -1 24 -1
72 24 -1 21 -1 11 -1 23 28 -1
73 11 27 -1 21 -1 11 -1 16 -1
74 11 25 28 29 -1 24 26 29 -1 27 -1 1 -1 5 10 25 26 -1 1 20 -1 12 -1 24 -1 15 20 23 28 -1 14 -1
75 5 -1 13 -1 8 11 13 20 27 -1 21 28 -1 11 -1 25 -1 17 -1 25 28 29 -1 18 20 -1 26 29 -1 3 -1
76 17 -1
77 9 -1 17 -1 12 17 29 -1 1 28 -1 6 -1
78 16 19 -1
79 7 12 17 21 -1 17 -1 3 26 -1 13 -1
80 10 -1 28 29 -1 14 -1 19 -1
81 5 28 -1
82 14 -1 22 -1 7 27 -1 10 28 29 -1 20 -1 23 28 -1
83 18 19 -1 22 -1 21 -1 12 21 27 -1 22 27 -1 6 -1
84 13 -1 26 -1 22 28 29 -1 19 -1 28 -1 7 -1 4 -1 6 7 9 19 24 26 -1 1 14 23 -1 6 14 -1 0 21 -1 8 18 -1
85 20 -1
86 26 -1 23 26 -1 2 19 21 -1
87 9 13 21 -1 7 22 -1 8 26 -1 27 -1 8 10 -1
88 16 24 29 -1 15 24 27 -1 3 5 16 -1 19 21 -1 23 -1 4 -1 16 -1 1 -1 10 -1 9 -1 18 -1 2 22 29 -1 22 29 -1
89 23 -1 24 28 -1 29 -1
90 14 15 24 -1 2 28 -1 20 -1 22 -1 1 -1 13 20 23 25 -1 17 -1 14 24 -1 9 18 28 29 -1 15 -1 27 29 -1 11 -1
91 4 13 -1 14 -1
92 16 -1 2 3 -1 29 -1 25 28 -1 18 -1 19 -1 15 -1 9 24 25 -1 3 5 13 -1 23 -1 24 -1
93 18 26 28 29 -1 15 -1 23 -1 18 -1 27 -1 5 21 -1 12 27 -1 11 24 28 29 -1 7 29 -1 27 29 -1 29 -1 21 -1 4 -1 22 26 -1 7 25 -1 24 -1
94 18 -1 0 -1 23 -1 6 18 -1
95 15 29 -1 25 -1 20 27 28 -1 11 -1 3 7 23 25 -1 7 23 27 -1 27 -1 3 -1 22 28 -1 4 6 9 13 17 -1 9 -1 3 11 -1 24 -1
96 19 -1 8 19 -1 26 -1 22 -1 23 -1
97 29 -1 20 22 29 -1 25 28 -1 12 -1 29 -1 8 -1 21 29 -1 19 20 -1 9 22 23 26 28 -1
98 15 -1 26 -1 24 -1 22 24 27 -1 22 24 27 -1 21 -1
99 19 -1 19 28 29 -1 7 12 18 -1 6 18 -1
100 23 -1 28 29 -1 18 23 -1 9 -1 6 26 28 29 -1 16 -1 16 29 -1 21 -1 15 -1 6 27 28 29 -1 23 26 -1 10 16 -1 19 -1
101 24 -1 8 16 -1 10 -1 7 -1 2 20 -1 7 16 -1 1 18 21 26 29 -1 19 21 22 25 28 29 -1 7 -1 4 11 -1 11 -1 9 -1 22 26 -1 9 26 -1
102 10 28 29 -1 0 24 27 -1 0 -1 8 16 -1 28 -1 14 17 22 -1 17 -1 23 -1 26 -1 22 28 -1 28 -1 5 24 29 -1 15 28 29 -1 0 -1 7 -1 25 -1 1 -1
103 6 -1 21 29 -1 11 -1 1 -1 4 5 -1 27 -1 20 -1 10 13 16 22 -1
104 11 28 -1 5 25 27 -1 25 27 29 -1 20 -1 24 25 -1 12 27 -1 15 17 -1 19 28 29 -1 27 -1
105 26 -1 25 -1 26 -1 21 -1 2 -1 26 28 -1 15 -1 0 -1 26 27 -1 21 -1 15 21 27 28 29 -1 27 -1
106 5 22 27 -1 24 -1
107 29 -1 6 24 -1 9 27 29 -1 21 -1 19 -1 11 21 -1 26 29 -1 6 -1 28 -1 11 -1 12 20 27 -1 19 -1 8 -1 14 -1 1 -1 2 -1
108 24 28 -1 27 29 -1 23 27 29 -1 5 -1 1 -1 10 -1 26 -1 8 -1 26 -1 14 25 -1 0 22 -1 14 29 -1 1 25 -1 23 -1 14 -1
109 6 -1 0 15 -1 3 -1 18 19 -1 24 25 -1 10 -1 14 28 29 -1 13 29 -1 19 21 27 28 -1 11 -1 28 29 -1
110 5 -1 28 29 -1 4 -1 18 -1 22 -1 26 29 -1 11 -1 25 28 -1
111 10 -1
112 6 14 29 -1 0 -1 24 26 -1 13 -1 20 -1 5 11 -1 20 -1 7 27 29 -1 19 -1 4 16 20 22 27 -1 3 -1 17 29 -1 16 22 23 -1
113 28 -1 17 29 -1 0 -1 21 23 -1 26 29 -1 11 -1 19 20 -1 3 5 12 -1 17 -1
114 17 -1 25 26 -1 9 25 26 27 -1 19 -1 15 -1 0 -1 19 28 -1 7 15 -1 13 21 -1 11 -1
115 21 27 -1 22 26 -1 27 -1 8 -1 16 21 22 -1 13 15 20 22 29 -1 14 19 -1 28 -1 18 28 -1 22 29 -1 20 -1 1 14 -1 24 29 -1
116 11 14 -1 22 -1 12 24 -1 17 24 27 -1 0 15 19 -1 25 27 -1 27 29 -1 12 -1 6 -1 15 -1 27 -1 4 16 21 -1 15 19 -1
117 4 5 -1 24 29 -1 19 24 -1 28 -1 27 29 -1 24 -1 1 -1 12 15 25 -1 23 27 28 29 -1 13 17 28 -1 10 24 26 -1
118 22 26 -1 1 13 -1 29 -1 28 -1 14 -1 12 15 -1 29 -1 1 -1 28 -1 12 -1 9 12 -1 2 29 -1 25 29 -1 17 -1 11 -1 6 13 -1 24 26 -1 25 28 -1 8 19 -1
119 28 -1 7 -1 7 18 25 -1 7 10 26 -1 7 -1 25 28 29 -1
120 6 -1 15 29 -1 26 29 -1 14 17 20 -1 24 29 -1 19 -1 15 22 24 -1 13 -1 15 -1 17 26 -1 0 23 29 -1 23 -1 4 5 -1 3 -1 5 -1 25 -1 12 -1
121 4 22 29 -1 5 -1 2 26 -1 11 25 -1 25 -1 16 24 -1 6 -1 20 26 28 29 -1 18 19 -1 18 25 -1 9 -1
122 12 28 29 -1 3 -1
123 23 -1 3 12 -1 1 -1
124 1 -1 13 -1 16 -1 23 -1 26 -1 20 -1 11 17 28 29 -1 10 -1 3 -1 12 29 -1 28 29 -1 22 27 29 -1 3 16 22 28 29 -1
125 6 -1 29 -1 12 19 20 -1 10 -1 17 18 -1 26 -1 9 -1 20 -1 6 19 27 -1
126 22 23 -1 22 -1 27 -1 28 -1 22 -1 26 -1 2 9 22 24 -1 25 -1 27 -1 7 -1 8 -1 14 20 -1 13 -1 19 -1 11 -1 4 -1 2 27 -1
127 6 -1 28 -1 25 28 29 -1 9 -1 11 15 -1 1 21 24 -1 25 27 28 29 -1 10 -1
128 20 -1 24 27 28 -1 3 22 -1 1 -1 9 -1 16 -1
129 9 25 29 -1 4 13 -1
130 23 -1
131 0 16 -1 6 8 -1 19 -1 5 -1 12 14 -1 17 -1 21 -1 17 25 -1 17 -1 9 10 -1 20 -1 10 -1
132 10 -1 7 29 -1 29 -1 0 16 -1 23 26 -1 26 27 -1 9 13 -1 6 -1 17 23 -1 18 -1 11 28 -1
133 2 -1 25 27 -1 17 26 27 28 -1
134 11 -1 8 -1 25 27 28 -1 16 20 -1 20 -1 13 -1 13 20 -1 27 -1 14 16 -1 5 28 -1 23 -1 11 -1
135 7 21 26 27 -1
136 25 -1 17 -1 24 -1 26 -1 21 -1 2 -1 22 -1 22 27 28 29 -1 19 -1 14 -1 2 -1 11 14 15 20 -1 2 -1 3 -1 27 28 29 -1 14 -1 25 -1 1 -1
137 22 -1 20 -1 6 26 -1 1 21 22 -1 2 -1 24 -1 29 -1 15 -1 7 -1 20 -1 27 -1 6 -1 21 -1 23 -1 8 -1 19 20 -1 3 -1 6 -1 20 -1
138 27 28 29 -1 22 -1
139 22 -1 26 -1 4 -1 28 -1 15 -1
140 20 -1 17 -1 15 -1 21 -1 24 -1 10 22 -1
141 20 26 -1 12 -1 4 -1 24 -1 2 -1 16 -1 13 27 -1 13 15 -1 27 -1 3 29 -1 25 27 -1 21 -1 20 -1 29 -1
142 19 25 29 -1 23 -1 13 -1 14 25 -1 24 -1 27 -1 8 28 29 -1 13 25 29 -1 20 -1 9 -1 18 -1 21 27 28 29 -1 23 -1 10 -1 29 -1 15 -1 24 -1 8 -1 19 -1
143 10 -1 3 -1 6 -1 29 -1 12 -1
144 22 -1 28 29 -1 29 -1 28 29 -1 7 24 -1 8 -1 8 -1 27 -1 23 -1 17 23 27 28 -1 18 22 -1 16 22 27 29 -1 2 -1 10 27 -1
145 25 27 29 -1
146 28 -1 0 4 26 27 28 29 -1 2 10 29 -1 13 24 25 -1 17 -1 29 -1 26 27 -1 13 -1 14 -1
147 3 13 26 28 -1
148 13 -1 18 -1 29 -1 13 23 27 -1 26 29 -1 0 22 26 29 -1 18 -1 25 -1 1 14 23 -1 22 -1 16 25 -1
149 1 -1 14 15 -1 29 -1 27 29 -1 13 -1
150 9 25 28 29 -1 21 -1 15 19 -1 5 27 28 -1 8 -1 29 -1 14 25 -1 6 18 19 29 -1 17 18 -1 25 28 -1 12 29 -1 20 -1
151 18 24 -1 11 -1 27 28 -1 14 -1 24 -1 3 -1 27 29 -1 7 26 -1 6 -1 4 -1 1 -1
152 21 26 27 29 -1 15 27 28 29 -1 7 12 25 -1
153 24 -1 26 27 -1 12 28 29 -1 4 -1 19 -1 13 22 -1 29 -1 26 -1 28 -1 20 21 28 29 -1 28 -1 5 25 -1 11 -1 25 26 -1
154 13 -1 17 -1 4 -1 27 29 -1 6 13 20 29 -1
155 19 21 22 -1 18 26 29 -1 7 -1
156 26 29 -1 28 -1 12 -1 26 -1 13 17 18 25 29 -1 17 22 29 -1 28 -1 0 7 21 23 -1 27 -1 15 -1
157 20 -1 12 -1 8 -1 15 27 -1 9 15 27 -1 20 -1 5 -1 24 -1 15 -1 11 27 28 29 -1 6 16 21 28 29 -1 24 29 -1 9 -1 1 -1 11 21 22 -1 1 -1
158 17 24 29 -1 28 -1 15 -1 5 -1 5 -1 26 -1
159 22 26 -1 1 -1 27 -1 11 -1 14 -1 18 -1 26 28 29 -1 27 29 -1 6 -1 14 -1
160 22 28 -1 24 -1 20 -1 3 5 -1 13 -1 17 -1 11 -1 27 28 -1 23 28 -1 7 -1 16 25 26 28 -1 1 -1 0 -1
161 12 -1 3 -1 5 -1 22 -1 9 27 -1 4 -1 4 28 -1
162 5 24 -1
163 9 24 -1 18 -1 0 18 21 -1 1 -1 2 7 14 24 -1 20 -1 19 22 -1 16 -1 11 12 21 22 29 -1
164 16 -1 20 25 29 -1 23 -1 25 -1
165 10 11 -1 16 29 -1 24 28 -1 4 8 24 26 28 -1 18 23 27 28 29 -1 25 -1
166 1 -1 20 -1
167 10 -1 9 23 29 -1 11 -1 13 -1 26 -1 15 -1 10 -1 28 29 -1 28 29 -1 26 -1 5 18 -1 15 27 29 -1 25 27 -1 18 28 29 -1 0 -1 25 -1 22 29 -1
168 16 28 -1 12 -1 13 15 -1 4 26 -1 19 20 -1 6 -1 16 24 -1 29 -1 10 -1 24 26 -1 27 29 -1 22 27 29 -1 26 -1 1 22 27 -1 16 -1 8 -1 25 -1 21 -1
169 20 24 27 28 29 -1 22 -1 5 25 29 -1 26 29 -1 26 -1 23 -1 21 -1 5 -1 11 18 20 -1 25 -1
170 10 24 -1 27 -1 24 27 -1 27 -1 12 -1 23 -1 28 -1 24 -1 24 -1 21 -1 0 -1 4 -1 22 23 27 -1 2 -1 4 14 -1 28 29 -1 2 -1 27 -1 9 -1 4 -1
171 14 -1
172 20 21 24 -1 0 -1 14 -1 29 -1 0 22 -1 5 -1 18 23 26 28 -1
173 0 -1 2 -1 24 -1 20 -1 1 -1 9 -1 21 -1 23 -1 21 27 28 -1 7 17 -1 11 -1 9 -1 20 27 28 -1 25 -1 10 -1 4 -1 18 -1 24 27 -1 8 -1 5 20 23 -1
174 15 -1
175 5 -1 8 22 28 29 -1 3 -1 17 -1 15 25 -1 9 -1 24 -1 4 25 -1 16 18 22 -1 2 -1 17 19 -1 16 -1 17 23 26 -1 12 -1 7 -1 0 -1
176 25 -1 20 -1
177 28 29 -1 24 27 28 -1 17 25 27 28 -1
178 0 -1 12 26 29 -1 18 26 -1 3 -1 19 29 -1 29 -1 26 -1 0 11 -1 6 -1 21 -1 10 -1 26 28 -1
179 18 29 -1 13 24 -1 16 19 -1 11 -1 29 -1 24 28 29 -1 12 -1 2 -1 29 -1 10 20 26 -1 3 4 15 -1 7 -1 20 -1 8 -1
180 0 13 -1 25 28 -1 16 23 26 -1
181 29 -1 9 -1 2 -1 13 -1 17 19 23 -1 20 -1 14 -1 13 -1 18 -1 18 -1
182 7 -1
183 22 -1 6 9 -1 26 27 -1
184 14 -1 10 25 -1 17 25 29 -1 14 -1 8 20 29 -1 5 19 29 -1 28 29 -1 29 -1 29 -1 8 -1
185 9 -1 28 -1 7 27 -1
186 9 -1 17 25 -1 10 20 -1 27 -1 12 -1 28 -1 19 -1 12 -1 28 29 -1 2 -1 8 -1 16 23 -1
187 14 -1 23 27 -1 23 27 -1 3 15 24 28 -1 21 27 28 29 -1 3 16 23 25 27 29 -1 18 -1 18 -1 9 29 -1 9 -1
188 24 -1 11 -1 3 -1 12 20 24 -1 5 -1 25 -1 28 -1 4 -1 21 -1 12 -1 22 29 -1 12 24 -1 13 20 21 29 -1 10 -1
189 5 27 -1 6 -1 2 20 -1 22 -1 10 -1 8 14 18 20 29 -1 22 26 -1 29 -1 26 -1 15 -1 16 -1 27 28 29 -1
190 0 -1 4 9 12 -1 28 -1 28 29 -1 17 21 29 -1 19 21 -1 8 -1 9 -1 17 -1 16 29 -1 21 23 24 -1 0 1 27 -1 18 22 -1
191 13 -1 0 9 -1 28 29 -1 29 -1 18 29 -1 26 28 -1 18 -1 11 15 18 -1 15 26 29 -1 1 9 -1
192 15 19 -1 2 5 29 -1 14 21 -1 1 2 6 -1 8 27 29 -1 18 -1 29 -1 18 -1 9 10 26 28 29 -1 0 4 8 -1 16 29 -1 2 17 -1 4 -1
193 28 -1 19 -1 16 19 -1 23 24 -1 4 -1 29 -1 14 -1
194 17 19 21 23 26 -1 6 -1 12 -1 25 -1 11 -1 9 25 -1 13 -1 19 24 -1 24 -1 23 -1 14 -1 1 19 -1 28 -1
195 16 26 27 -1 11 -1 18 29 -1 1 -1 4 15 -1 1 10 11 18 24 -1
196 0 13 28 29 -1
197 23 -1 0 28 29 -1 12 -1
198 18 -1 5 -1 13 -1 14 27 -1 0 1 9 18 24 -1 25 28 -1 7 -1 9 18 -1 6 8 23 -1 13 17 -1 3 -1 8 27 28 29 -1 20 22 -1 9 -1
199 9 -1 24 29 -1 25 28 29 -1 4 18 21 26 -1 12 -1 20 -1 2 17 24 26 28 -1 5 -1 15 -1 16 27 28 29 -1
200 20 24 28 29 -1 3 21 -1 1 -1
201 1 26 28 29 -1 7 14 -1 10 20 26 27 -1 10 19 27 -1 22 -1 15 19 -1 14 16 -1 13 17 -1
202 24 26 29 -1 28 29 -1
203 19 21 -1 28 29 -1 2 17 25 -1 26 -1 29 -1 7 -1 14 26 -1 1 5 20 25 28 -1 28 29 -1 13 -1 5 -1 21 -1 25 -1 17 -1
204 19 -1 9 -1 18 22 -1 11 -1 24 -1 17 -1 12 -1 27 28 29 -1 18 -1 29 -1 26 -1 19 -1 10 21 28 29 -1 18 -1 9 12 -1 12 24 -1
205 18 -1 10 -1 8 20 -1 15 17 29 -1 26 -1 10 -1 22 24 -1 12 22 25 -1 18 -1 25 -1 18 21 -1 5 -1 18 -1 28 -1 20 -1 13 23 28 -1 5 9 -1 11 -1
206 6 -1 15 24 -1 18 21 -1 5 -1 3 22 28 -1 21 -1 7 15 20 -1 14 -1 8 -1 11 -1 25 28 -1 3 -1 20 -1 11 -1 8 13 26 -1 12 25 -1
207 4 16 -1 16 21 -1 18 -1 14 -1 18 -1 27 -1 3 12 -1 25 -1 28 -1 4 -1 20 -1 12 -1 18 -1
208 15 -1 2 -1 7 -1 19 26 28 29 -1 28 29 -1 0 7 -1
209 19 -1 13 -1 5 -1 7 -1 29 -1 2 -1 23 -1
210 24 25 -1 26 29 -1 9 29 -1 12 -1 1 -1 0 -1 7 -1 21 -1 23 25 26 -1
211 7 8 -1 7 -1
212 15 23 -1 16 27 -1 10 -1 24 28 -1 15 -1 14 20 -1 29 -1 24 26 -1 15 -1 4 6 13 21 26 29 -1 14 -1 24 -1 11 18 20 -1
213 3 15 27 29 -1 10 21 -1 17 -1 3 -1 23 -1 24 29 -1 11 25 -1 5 17 26 -1 3 -1 18 24 27 -1
214 19 -1 22 28 -1 19 29 -1 23 -1 18 -1 26 -1 2 12 15 -1 10 13 -1 11 15 22 27 -1 20 -1
215 14 -1 15 27 -1 3 24 -1 26 -1 24 -1 10 -1 25 26 -1 23 26 -1 9 24 25 26 28 -1 11 -1
216 9 29 -1 29 -1 27 28 29 -1 14 -1 22 29 -1 13 23 27 -1 7 -1
217 21 28 -1 7 27 29 -1 18 -1 7 27 -1 29 -1 17 27 29 -1 15 25 27 -1 18 19 -1 0 -1 14 -1 14 21 -1 9 18 28 29 -1 5 -1 13 22 -1 29 -1
218 24 29 -1 13 19 -1 21 -1 4 -1 27 -1 11 12 -1 9 10 -1 4 22 29 -1 1 -1
219 6 -1 22 -1 23 -1 2 25 -1 1 22 25 -1 6 -1 13 -1 22 -1 0 -1
220 20 -1 13 -1 5 22 -1 5 -1
221 12 19 26 -1 10 -1 2 8 12 -1 20 -1 18 27 29 -1 13 15 27 -1 12 27 -1 28 -1 18 28 -1 22 -1 26 -1
222 18 29 -1 27 -1
223 26 29 -1 3 23 28 29 -1 27 -1 25 -1 7 -1 3 -1 1 21 -1 10 18 28 -1 12 -1 21 23 -1 8 20 -1
224 1 21 -1 0 -1 10 11 -1 17 22 23 -1 15 -1 5 -1 29 -1 22 -1 19 -1 0 -1
225 29 -1 2 7 13 26 28 29 -1 14 -1 18 -1 24 26 29 -1 11 -1 19 24 29 -1 12 17 -1 15 -1 22 -1 28 29 -1 28 29 -1 4 15 -1
226 27 29 -1 16 22 -1 27 -1 14 -1 17 -1 22 -1
227 18 29 -1 4 -1 19 -1 11 -1 3 27 28 29 -1 20 21 -1 23 -1 8 -1 19 -1 16 -1 18 -1 17 19 -1 1 24 26 28 29 -1 20 25 27 28 29 -1 4 -1
228 8 18 -1 1 8 -1 23 -1 0 -1
229 7 16 -1 19 24 28 29 -1
230 4 20 -1 16 27 29 -1 20 -1 7 -1 9 12 17 18 22 -1 16 21 23 -1 23 -1 28 29 -1 17 -1 6 -1
231 5 -1 29 -1 1 -1 11 -1 8 -1 18 -1 15 -1
232 26 -1 5 -1 23 29 -1 2 -1 25 -1 23 -1 1 13 25 -1 1 -1 15 22 27 -1 26 28 29 -1 13 -1
233 6 12 17 23 29 -1 24 26 -1 27 28 29 -1 4 21 -1 23 25 -1 2 7 -1 23 -1 1 -1 20 -1 29 -1 21 -1 24 25 -1 14 -1 17 -1 3 -1 17 -1 14 -1
234 27 -1 6 -1 24 -1 17 -1
235 29 -1 14 18 -1 17 -1 1 28 29 -1 12 26 27 -1 5 20 26 -1 19 -1 11 29 -1 12 22 -1 5 17 18 27 -1 15 -1
236 22 25 -1 16 -1 24 -1 13 -1 16 -1 0 -1 22 28 -1 4 11 -1 16 25 -1 24 26 29 -1 28 -1 8 -1
237 14 -1 16 29 -1 23 25 -1 1 9 -1 13 -1 22 26 -1 9 25 28 -1 28 -1 28 29 -1 26 -1 27 -1 17 -1 8 -1 1 29 -1 5 -1 22 -1
238 18 -1 18 25 -1 16 18 -1 23 26 -1 3 28 29 -1 29 -1 14 21 -1 18 26 29 -1 5 17 -1 16 28 -1 23 -1 26 -1 28 -1 4 -1
239 20 -1 8 17 18 27 -1 8 23 -1 1 2 -1 16 -1 21 -1 16 -1 6 24 29 -1 25 -1 5 -1 0 9 16 -1 23 -1 24 -1
240 22 -1 13 -1 9 -1 1 3 13 -1 12 -1 8 18 29 -1 21 26 -1 3 -1 3 19 -1 12 26 -1 22 -1 10 12 21 -1
241 8 24 28 -1 4 -1 0 -1
242 23 -1 2 -1 28 -1 26 27 -1 1 21 -1 27 29 -1 23 -1 13 -1 8 -1 23 -1 28 -1 18 -1
243 21 24 -1
244 9 -1 20 24 -1 18 -1
245 26 -1 2 -1 23 24 26 27 -1 20 -1 29 -1 9 13 24 -1 17 21 -1 14 29 -1 19 -1
246 15 23 -1 7 -1 4 -1 28 -1 3 -1 22 23 -1 14 28 -1 23 24 28 29 -1 6 13 -1 11 13 -1 23 -1 4 -1 8 -1 18 27 28 -1
247 27 -1 18 28 29 -1 23 24 28 -1 22 27 -1 15 -1 7 -1 18 -1 28 -1 7 10 -1 11 15 -1 9 14 17 18 -1 20 -1 0 -1
248 15 -1 4 10 -1 11 -1 8 10 29 -1 9 11 20 25 29 -1 21 23 27 -1 8 -1 12 -1 25 27 -1
249 27 29 -1 13 -1 10 -1 28 29 -1 27 28 -1 6 -1 5 17 22 28 -1 28 -1 20 21 -1 6 -1 11 -1 20 -1
250 15 -1 26 -1 8 -1 9 -1 0 -1 4 -1 8 20 23 29 -1 13 28 -1 12 -1 16 -1 15 24 -1 10 -1 16 26 -1 1 23 -1 7 -1 14 -1 21 22 23 -1
251 1 17 25 -1 22 -1 13 -1 0 27 28 29 -1 17 25 28 -1 2 -1 5 13 21 27 29 -1 23 27 -1 8 -1
252 5 -1 19 24 -1 8 -1 29 -1 20 -1 28 29 -1 6 17 22 27 -1 1 -1 0 -1
253 11 -1 19 -1 28 29 -1 29 -1 27 -1 6 12 -1 8 23 -1 22 26 -1
254 4 19 21 26 29 -1 17 25 -1 7 29 -1 21 26 -1 1 -1 29 -1 6 -1 10 25 27 29 -1 20 -1 27 29 -1 29 -1 27 -1 12 -1 10 -1 10 21 23 -1
255 3 8 11 -1 4 16 -1
256 24 29 -1 2 12 27 -1 15 -1 19 -1 6 -1 10 16 22 27 -1 19 20 -1 1 -1 18 -1 21 29 -1 27 28 -1 6 -1
257 3 25 -1 23 -1 12 -1 15 23 25 29 -1 11 24 26 -1 0 -1 3 -1
258 8 -1 19 29 -1 18 23 -1 5 -1 0 15 28 29 -1 8 -1 7 -1 2 -1
259 4 -1 2 17 29 -1 11 -1 24 29 -1 29 -1 4 -1 2 -1 21 27 29 -1
260 20 22 29 -1 8 -1
261 24 25 29 -1 26 27 -1 24 28 29 -1 25 27 -1 8 -1 29 -1 29 -1 15 29 -1 2 -1 6 27 -1
262 13 -1 19 -1 9 10 15 19 29 -1 2 12 -1 0 28 -1 27 -1 24 25 27 -1 19 28 29 -1 19 22 28 -1 5 -1 27 29 -1 11 -1 2 -1 12 25 -1 20 -1
263 8 9 -1 7 23 26 29 -1 20 26 -1 17 21 -1 2 10 -1 24 27 -1 5 12 27 28 -1 29 -1 22 27 28 -1
264 2 11 22 -1 15 -1 7 -1 20 -1 18 -1 9 -1
265 7 27 29 -1 4 -1 9 -1
266 1 -1 2 3 -1 19 -1 9 -1 9 17 29 -1 14 20 -1 25 -1 12 -1 29 -1 23 -1 27 -1 5 21 -1 25 -1 2 23 -1 27 -1 26 28 -1
267 10 -1 27 -1 18 -1 10 -1 0 2 -1 24 28 29 -1 7 -1
268 9 18 -1 17 28 -1 14 26 29 -1 1 -1 3 9 17 22 27 29 -1 1 -1 18 26 -1 5 18 28 -1 1 -1 13 -1 14 -1 7 17 29 -1 13 -1 13 -1
269 17 23 -1 6 17 -1 14 24 29 -1 14 -1 15 21 29 -1
270 3 22 -1 15 -1 3 28 29 -1 1 8 -1 13 -1 14 -1 12 27 -1 16 -1 18 -1 29 -1 14 -1 4 -1 0 28 29 -1 9 -1 10 -1 29 -1 14 17 -1 26 -1 3 -1
271 22 -1 8 13 -1 20 29 -1 23 -1
272 17 -1 8 16 25 -1 21 22 -1 8 23 29 -1 18 21 28 -1 12 -1 3 5 -1 11 -1
273 9 22 24 -1 14 26 -1 23 25 27 29 -1 17 -1 14 24 25 -1 16 -1 21 26 28 -1 7 17 26 -1 23 -1 23 28 29 -1 0 -1 0 -1 22 -1
274 18 24 -1 14 -1 29 -1 29 -1 15 27 28 -1
275 10 22 -1 21 -1 22 -1 15 -1 18 -1 18 -1 28 29 -1 22 -1 16 -1 15 -1 17 18 -1
276 2 -1 26 28 -1 29 -1 17 -1 27 28 -1 11 -1 19 -1 29 -1 11 21 -1 3 6 18 -1 26 -1 26 28 -1 1 -1 8 -1
277 19 26 27 28 29 -1 5 -1
278 4 -1 14 -1 21 -1 23 25 29 -1 12 -1 0 -1 10 -1 12 14 25 27 -1
279 24 -1 27 -1 23 25 27 28 -1 7 -1 2 -1 19 -1
280 11 28 -1 14 24 29 -1 11 23 28 -1 25 29 -1 29 -1 10 28 29 -1 7 14 22 -1 20 24 26 -1 17 21 -1 1 20 22 24 27 29 -1
281 6 -1 14 -1 5 6 -1 12 -1 28 29 -1 4 9 -1 12 -1 14 -1
282 18 -1 27 -1 14 27 29 -1 24 26 -1 14 18 -1 13 14 15 -1 28 -1
283 11 -1 20 -1 26 29 -1 8 12 -1 12 -1 6 -1 28 29 -1 11 -1 25 -1 24 28 29 -1 16 -1 4 28 29 -1
284 11 22 23 27 28 29 -1 1 18 -1 7 -1 18 -1 23 -1 13 19 21 23 -1 13 17 -1 7 -1
285 21 28 -1 7 13 22 28 -1 2 22 26 27 -1 24 25 -1 13 25 28 -1 12 16 -1 7 -1 8 -1 2 -1 14 29 -1 13 -1
286 28 29 -1 18 -1 23 25 -1 21 22 24 -1 10 28 -1 20 29 -1 19 21 26 -1
287 10 -1
288 15 -1 26 27 -1 16 -1 14 -1 11 -1
289 8 -1 28 29 -1 14 22 -1 27 29 -1 28 29 -1 18 -1 0 15 -1 6 -1 22 -1 29 -1 16 17 -1 3 -1
290 23 -1 22 23 28 29 -1 15 -1 14 17 28 29 -1 8 21 24 28 -1 6 19 -1 28 -1 13 -1 24 28 29 -1 11 16 18 -1
291 9 -1 17 -1 23 -1 9 -1 4 -1 1 11 -1 22 -1 27 -1 16 29 -1 20 -1 28 29 -1 3 8 -1
292 10 -1 5 -1 4 -1 19 21 -1 11 -1 10 29 -1 17 -1 11 27 -1 3 -1 3 -1 10 14 15 -1 18 -1
293 8 18 28 -1 27 -1 17 25 27 28 -1 26 28 -1 16 -1 8 15 21 -1 29 -1 22 -1 12 -1 1 12 -1
294 16 -1 12 -1 3 -1 25 -1 2 7 20 28 -1 20 24 -1
295 16 21 23 25 28 29 -1 0 26 -1 10 -1 29 -1 1 21 -1 21 26 -1 29 -1 7 -1 10 17 -1
296 6 -1 17 -1 6 -1 27 29 -1 16 -1 7 -1 27 29 -1 4 14 18 -1 21 25 26 -1 13 17 -1
297 9 23 27 -1 18 19 -1 28 29 -1 10 -1 22 23 -1 29 -1
298 10 13 28 -1 26 -1 25 26 27 28 -1 19 -1 21 26 28 -1 2 18 -1 7 9 -1 27 -1 25 29 -1 12 24 -1 8 -1 16 29 -1 13 27 28 -1
299 22 -1 0 -1 1 17 25 -1 24 -1 19 20 23 -1 8 19 -1 13 24 -1 12 -1 19 27 -1 26 28 29 -1 7 9 -1 7 20 -1
300 7 -1 3 5 -1 25 27 29 -1 28 -1 19 -1 13 20 -1 11 12 -1 26 -1 4 24 -1
301 22 -1 28 29 -1 26 28 29 -1 11 12 -1 9 -1 1 -1 23 26 29 -1 16 -1 27 -1 9 -1 24 -1 17 -1 26 27 -1 28 -1
302 7 -1 0 -1 25 27 28 -1 22 25 -1 6 -1 0 26 29 -1 16 18 -1 6 -1 27 29 -1 29 -1 21 25 -1
303 19 -1 12 -1 1 -1 6 -1 27 29 -1 10 -1 13 -1 3 15 -1 3 20 -1 4 17 -1
304 29 -1 1 -1 15 -1 16 -1 10 16 -1 3 -1 7 -1 8 11 -1 18 -1 13 21 -1 0 -1 5 20 -1 5 6 -1 0 -1 10 -1 23 27 28 29 -1 0 -1 20 -1
305 22 26 29 -1 18 -1 7 14 -1 19 -1 25 26 29 -1 18 -1 28 29 -1 28 -1 15 17 21 28 -1 9 27 -1 11 20 28 29 -1
306 24 26 -1 23 24 25 28 -1 17 23 28 29 -1 21 29 -1 8 29 -1 0 22 -1 25 -1 14 22 -1 14 17 -1 6 12 23 -1
307 5 -1 20 -1 7 19 -1 26 27 29 -1 28 29 -1 13 29 -1 16 19 24 25 -1
308 4 29 -1 16 -1
309 4 -1 6 -1 21 -1 29 -1 8 10 26 -1 5 -1 1 -1 3 -1 24 -1 24 -1
310 20 -1 8 -1 7 28 29 -1 25 -1 25 -1 4 29 -1 12 -1 3 -1 24 29 -1 29 -1 23 27 29 -1 11 22 -1 22 -1 27 -1 0 -1 27 29 -1
311 28 29 -1 25 26 -1 23 -1 6 27 -1 19 20 -1 24 29 -1 24 -1 26 29 -1 26 -1 6 -1 11 -1 25 -1 24 -1 2 7 -1 6 -1 0 2 13 17 23 24 -1 27 -1
312 7 -1 6 -1
313 6 -1 10 21 -1 3 28 29 -1 29 -1 10 12 21 29 -1 15 23 -1 12 -1 27 -1
314 9 14 -1 25 26 -1 8 15 -1 4 -1 12 16 -1 5 -1 11 17 18 21 22 -1 25 -1 6 -1 7 18 -1 25 -1 17 29 -1 25 -1 8 -1 10 -1 20 26 27 29 -1
315 28 29 -1 23 -1 21 25 27 29 -1 18 20 29 -1 11 -1 18 29 -1
316 25 -1 26 29 -1 3 -1 10 13 -1 7 16 -1 9 20 -1 15 -1 17 -1 22 26 -1 3 13 -1
317 21 -1 29 -1 7 21 27 -1 26 -1 18 -1 10 29 -1 25 26 -1 7 -1 28 -1 8 -1 15 25 -1 22 -1 23 -1 27 28 29 -1 0 18 23 -1
318 15 -1 11 -1 23 -1 29 -1 15 -1 3 -1 13 -1 5 21 -1 23 -1 29 -1 23 -1 9 26 28 29 -1 12 24 29 -1 4 14 -1 14 25 -1
319 9 21 -1 28 29 -1 9 -1 12 -1 15 25 -1 1 15 18 28 29 -1 29 -1 26 29 -1 22 27 -1 0 -1 29 -1 29 -1 2 -1 14 17 -1 23 27 -1 22 25 27 -1
320 1 -1 22 25 28 29 -1 6 21 27 -1
321 5 21 -1
322 26 -1 19 -1 19 28 29 -1 12 22 -1 27 29 -1 1 -1 4 -1 15 19 -1 23 -1 13 28 -1
323 26 -1 20 -1 29 -1 3 -1 23 27 29 -1 7 17 -1 28 29 -1 16 -1
324 27 -1 0 17 -1 14 -1 26 -1 28 -1 2 -1 26 29 -1 25 26 -1
325 8 -1 16 18 -1 5 -1 4 12 -1 11 -1 28 -1 26 -1
326 5 -1 27 -1 17 -1 27 -1 11 28 -1 12 29 -1 0 21 23 27 28 -1 24 26 28 -1 23 -1 18 22 -1 5 9 -1 28 -1 27 28 29 -1 16 19 26 29 -1
327 6 20 24 25 29 -1
328 5 17 27 29 -1 3 -1 9 -1 13 23 -1 28 -1
329 27 29 -1 0 29 -1 20 22 -1 16 24 -1
330 8 -1 9 -1 21 23 -1 5 28 29 -1 29 -1 19 -1 15 -1 29 -1 13 16 -1 29 -1
331 12 27 28 29 -1 3 -1 3 -1 19 -1 24 -1 9 -1 8 24 25 -1 21 -1 5 28 29 -1 8 -1 27 29 -1
332 14 19 20 23 27 28 -1 10 28 29 -1 3 5 -1 8 -1 1 -1 7 -1 19 22 27 29 -1 22 -1 2 4 13 23 -1 18 25 -1 25 -1 17 -1 0 -1 4 -1
333 2 -1 9 -1 19 28 -1 29 -1 25 -1 25 -1 12 -1 6 -1 16 -1 17 19 -1 17 -1 28 29 -1 4 14 21 28 29 -1
334 29 -1 20 -1
335 18 -1
336 26 -1 14 -1 23 29 -1 28 29 -1 26 -1 15 27 28 29 -1 4 6 19 25 27 29 -1
337 29 -1 29 -1 16 21 -1 9 -1 0 -1 6 11 -1 21 -1 22 27 -1
338 20 -1 11 -1 17 20 -1 3 -1 13 19 -1 1 -1 13 -1 3 -1 26 -1 28 -1
339 29 -1 10 21 27 -1 15 16 28 29 -1 10 -1 3 -1 12 26 27 -1 4 -1
340 11 23 -1 26 -1 3 -1 19 -1 13 21 -1 12 28 -1 4 -1 7 9 21 25 -1 8 22 25 28 -1 13 23 -1 17 -1 22 -1 17 21 -1
341 18 -1 20 29 -1 2 25 -1 2 -1 25 -1 7 11 -1 8 10 24 28 -1 8 27 -1
342 21 -1
343 0 -1 21 -1 5 -1 10 28 29 -1 12 28 29 -1 14 29 -1 12 -1 18 -1 8 -1 17 27 28 29 -1 28 29 -1 8 15 -1 4 12 22 24 -1
344 26 28 -1 20 -1 10 18 22 -1 15 -1 6 -1 23 -1 11 -1 8 14 -1 0 21 26 -1 15 -1 19 26 -1
345 23 -1 5 15 -1 2 16 -1 23 28 29 -1 3 -1 23 -1 15 29 -1 23 25 28 -1 27 -1 12 -1 1 27 28 29 -1 8 -1
346 11 21 28 -1 16 -1 17 26 -1 11 -1 5 26 -1 27 -1
347 11 16 -1 9 -1 18 24 -1 15 -1 5 18 23 -1 14 -1 22 24 29 -1 11 20 -1 23 -1 6 -1
348 12 -1 27 -1 14 21 23 29 -1 23 -1 20 21 -1 16 20 -1 22 -1 19 -1 29 -1
349 19 25 26 29 -1 25 -1 4 -1 26 -1 13 -1 15 -1 3 -1 18 19 24 -1 0 9 -1 21 27 -1 3 28 29 -1 13 -1
350 14 18 24 27 -1 12 -1 4 24 28 -1 22 -1 12 -1 5 14 -1 21 -1 20 -1 3 21 -1 17 19 22 -1 4 9 -1 26 27 -1 28 29 -1 24 26 29 -1 27 -1
351 17 21 -1
352 27 -1 2 13 -1 27 -1 4 17 -1 9 17 22 -1 2 21 -1 5 -1 14 17 22 27 -1 19 -1 10 12 -1 21 -1 25 -1 12 24 26 -1 4 -1 3 5 -1 28 -1 22 -1
353 10 22 -1 14 22 -1 25 -1 1 15 21 23 26 29 -1 15 -1 18 25 -1 1 21 -1 27 28 29 -1 25 27 29 -1 16 19 22 -1 21 -1
354 22 29 -1 22 -1 25 -1
355 2 -1 23 29 -1 8 15 17 24 26 29 -1 24 -1 24 -1 11 -1 16 22 -1 18 19 29 -1 22 -1 4 15 22 -1 7 25 26 27 -1
356 8 -1 10 20 -1 9 -1
357 13 26 -1 9 -1 28 29 -1 16 23 -1
358 25 -1 18 27 -1 29 -1 25 29 -1 17 -1 6 -1 24 -1 10 27 -1 25 27 28 29 -1 0 6 24 25 26 -1 25 26 -1
359 11 -1 21 28 -1 5 -1 7 -1 13 16 -1 26 27 -1 3 -1 28 29 -1 13 25 28 -1 3 20 -1 23 -1 23 -1
360 16 -1 14 -1
361 24 26 -1 1 29 -1
362 20 22 -1 10 -1 1 -1 20 21 28 29 -1 12 14 -1 29 -1 1 27 -1 12 13 -1 22 23 24 -1 6 12 22 23 -1 7 -1
363 16 20 -1 20 -1 16 17 18 20 -1 28 -1 21 22 23 -1 21 23 -1 24 27 -1 8 -1 20 -1
364 18 26 -1 28 -1 10 -1 19 -1 2 -1 14 -1 20 -1 9 10 27 29 -1 24 -1 4 -1 3 20 21 26 28 29 -1 6 -1 12 29 -1 22 28 -1
365 17 23 27 29 -1 21 -1 11 -1 18 -1 17 27 29 -1 23 25 27 -1 1 16 28 29 -1 6 -1
366 21 -1 2 -1 16 -1 21 26 -1 3 -1 13 24 25 -1 27 28 -1
367 14 -1 13 27 -1 8 -1 11 -1 16 -1 10 -1 10 18 26 -1 16 20 -1 9 19 -1 15 22 -1 20 23 -1 26 -1 14 -1 1 2 -1 6 23 -1 26 29 -1
368 27 -1 20 -1 18 -1 21 -1
369 12 -1 15 -1 24 -1 4 26 27 -1
370 29 -1 15 -1 26 27 -1 9 29 -1 24 28 -1 7 22 23 28 -1 12 26 27 29 -1 29 -1 27 -1 8 -1 7 28 -1 21 -1 22 25 28 -1 5 -1 14 -1 26 27 -1
371 17 20 -1 16 22 -1 5 -1 3 17 22 29 -1 28 29 -1 25 26 -1 2 20 -1 20 25 29 -1 13 -1 4 25 28 29 -1 4 22 25 28 -1 18 -1
372 0 -1 4 21 -1 17 22 -1 24 -1 5 12 25 -1 3 -1 28 -1 26 -1 23 -1 17 -1 15 -1 7 10 -1 13 24 -1
373 14 -1 7 24 -1 17 -1 18 -1 25 27 -1
374 0 12 26 -1 4 17 -1 7 -1 13 -1 12 27 28 -1 27 -1 9 -1 29 -1 23 -1 7 12 -1 14 21 -1 10 -1 3 -1
375 25 -1 28 29 -1 21 -1
376 5 10 22 -1 9 -1 6 22 26 29 -1 0 -1 8 11 19 26 27 -1
377 20 -1 1 -1 10 23 27 -1 21 25 -1 7 -1 29 -1
378 24 27 28 -1 4 13 -1 12 27 -1
379 11 12 13 19 24 26 28 29 -1
380 16 -1 2 6 -1 7 29 -1 21 24 26 28 29 -1 25 -1 10 19 -1 3 17 22 -1 2 25 26 -1 0 -1 29 -1 14 27 -1
381 25 27 -1 17 18 29 -1 17 -1 29 -1 16 18 20 -1
382 13 20 23 -1 12 15 -1
383 10 18 -1 0 16 -1 1 -1 5 -1 10 -1 12 16 17 -1 27 -1 28 29 -1 24 -1 26 -1 6 8 -1 12 -1
384 9 -1 4 18 27 28 -1 4 6 -1 20 28 -1 29 -1 23 27 29 -1 13 15 29 -1 16 -1 27 29 -1 26 -1
385 12 -1 3 -1 7 -1 8 -1 8 23 25 27 28 29 -1 10 -1 18 -1 10 13 -1 28 -1
386 24 25 26 29 -1 14 28 -1 12 -1 14 21 -1 22 -1 17 23 26 27 -1
387 22 -1 4 6 -1 21 -1 22 -1
388 14 -1 26 27 29 -1 5 20 26 28 29 -1 3 4 -1 1 16 -1 25 -1 11 -1 13 19 -1 16 28 -1 24 -1 22 29 -1 28 -1 8 -1
389 25 -1 26 -1 13 17 -1 13 15 -1
390 0 8 -1 6 19 -1 20 22 27 28 29 -1 21 28 -1 29 -1 5 24 27 -1 10 27 29 -1
391 3 8 11 14 -1
392 29 -1 29 -1 17 29 -1 11 26 29 -1 0 5 21 26 -1 12 -1 11 -1
393 5 -1 29 -1 13 -1 1 28 29 -1 6 -1 9 -1
394 11 -1 7 26 29 -1 24 -1 2 19 -1 12 23 25 29 -1 13 -1
395 21 27 -1 22 23 -1 20 24 29 -1 9 -1 16 24 -1 23 28 29 -1 19 20 -1 18 25 -1 27 -1 11 15 26 -1 0 21 28 29 -1 7 -1 18 -1
396 4 16 20 -1 26 27 29 -1 8 -1 9 26 28 -1 18 -1 13 26 27 28 -1 6 -1 6 -1 13 -1 10 15 24 -1 0 25 28 -1 19 -1
397 28 29 -1 9 -1 25 26 28 29 -1 19 -1 18 27 28 -1 0 -1 10 -1 15 -1 11 -1 24 25 -1
398 11 -1 12 -1 1 -1 28 29 -1 18 24 -1 16 29 -1 24 -1 25 -1 11 19 28 -1
399 25 -1 13 23 29 -1 8 -1 14 -1 22 -1 19 -1 3 -1 21 -1 27 -1 10 -1 21 -1 16 17 -1 12 -1 7 -1 9 22 -1 8 -1 27 29 -1
400 15 29 -1
401 20 26 -1 17 -1 16 -1 22 29 -1 22 27 -1 29 -1 5 -1 4 22 -1 10 -1 4 -1 29 -1 1 -1 20 -1 21 -1 5 7 -1 7 -1 2 8 11 -1
402 16 -1 26 29 -1 20 -1 7 25 26 29 -1 15 -1 20 -1 7 12 27 -1 3 23 26 -1 14 16 19 25 26 28 -1 16 -1 0 21 -1
403 27 -1 17 24 29 -1 24 28 29 -1 27 -1 14 -1 11 19 20 -1 28 29 -1 7 -1 10 12 -1
404 0 -1 19 -1 6 -1 18 -1 12 -1 24 -1 6 12 16 -1 1 -1 6 -1 23 29 -1
405 22 24 25 27 29 -1 16 22 28 29 -1 19 -1 7 10 26 28 29 -1 19 27 -1 1 14 -1 23 -1
406 9 -1 6 25 -1 21 -1 3 -1 17 25 29 -1 3 12 -1 21 -1 13 19 25 26 29 -1 16 25 27 -1 25 29 -1 29 -1 14 -1
407 24 25 -1 24 -1 10 -1 4 26 -1 10 17 -1 27 29 -1 3 -1 2 -1 1 20 23 -1 19 27 29 -1 22 -1
408 25 -1 10 -1 28 29 -1 29 -1 16 -1 22 -1 23 -1 17 -1
409 18 26 29 -1 26 29 -1 26 -1 16 17 27 -1 25 -1 24 -1 12 20 23 26 28 29 -1 0 -1
410 10 28 -1 13 26 -1 23 25 -1 27 -1
411 5 -1 29 -1 4 -1 4 24 -1 7 29 -1 22 -1 21 22 26 -1 26 -1 19 25 -1 12 -1
412 22 23 27 29 -1 13 -1 13 -1 12 26 -1
413 23 28 29 -1 14 -1 13 21 -1 10 11 28 29 -1 24 -1 15 18 19 -1
414 25 -1 1 -1 6 14 -1 18 28 29 -1 17 28 29 -1 14 -1 4 -1 3 23 -1 22 -1 26 -1
415 2 -1 25 -1 29 -1 0 15 -1 7 28 29 -1 21 -1 21 -1 10 -1 6 -1
416 8 -1 9 17 29 -1 23 26 28 29 -1 1 13 -1 25 -1
417 10 22 29 -1 7 15 -1 18 28 29 -1 14 22 -1
418 9 -1
419 21 -1 4 23 -1 20 21 -1 9 23 -1 8 17 -1 14 24 26 -1 2 -1 17 -1 6 13 23 -1 29 -1 12 17 28 29 -1 25 -1 2 8 -1 0 1 18 -1 9 -1
420 19 -1 11 -1
421 15 20 -1 29 -1 16 28 -1 5 -1 2 -1 3 -1 8 -1 28 29 -1 23 -1 0 -1 23 26 -1 23 26 -1 17 -1
422 5 -1 12 17 23 -1 10 22 -1 20 22 -1 11 26 -1 26 -1 27 -1 17 -1
423 21 -1 16 -1 3 21 29 -1 5 -1 11 27 -1
424 9 -1 7 -1 2 9 -1 16 -1 16 19 -1 14 29 -1 10 29 -1
425 21 -1
426 24 26 27 28 29 -1 2 29 -1 21 -1 21 26 27 29 -1 24 -1 3 18 -1 25 -1 2 -1 16 -1 19 27 -1
427 18 28 29 -1 15 -1 6 -1 5 -1
428 14 18 28 29 -1 10 -1 28 29 -1 12 25 29 -1 8 27 -1 18 -1 8 -1 22 24 27 29 -1 25 29 -1
429 25 27 -1 5 25 28 29 -1 21 27 -1 19 -1 1 -1 28 29 -1 10 25 28 -1 15 28 29 -1 6 25 -1 5 11 -1 17 26 -1
430 22 28 -1 5 28 29 -1 21 -1 29 -1 20 22 -1 26 29 -1 29 -1
431 15 20 -1 27 28 29 -1 27 -1 0 7 -1 8 10 27 28 29 -1 22 27 28 -1 10 -1 22 26 -1 4 -1
432 1 -1 21 23 24 -1 19 24 -1 8 -1 27 -1 13 18 -1 14 -1 8 -1 16 -1 19 -1 23 26 -1
433 3 14 20 24 -1 19 -1 26 -1 18 27 -1 6 16 17 -1 0 12 18 19 -1 25 29 -1
434 28 -1
435 28 29 -1 0 12 -1
436 7 -1 21 -1 4 -1 9 -1 29 -1 6 21 -1 10 -1 2 -1 19 28 -1 29 -1 28 29 -1 9 14 -1 0 -1 7 -1 2 -1
437 12 -1 24 29 -1 21 -1 7 -1 21 23 28 29 -1 1 -1 14 29 -1 7 -1 9 -1 0 -1 24 26 -1
438 20 -1 6 23 26 29 -1 28 29 -1 19 26 27 -1 21 -1 12 -1 19 24 26 27 28 -1 3 28 -1 7 -1 26 -1 27 28 29 -1 24 -1 6 -1 2 -1
439 12 -1 7 -1 8 14 -1 14 -1 18 -1 10 14 17 -1
440 0 2 -1 0 15 -1 25 28 -1 14 23 -1 11 -1 5 -1 7 -1
441 16 25 -1 10 -1 12 24 -1 20 29 -1 26 -1 5 -1 5 -1 20 23 -1 29 -1 26 27 -1 9 -1
442 19 29 -1 5 22 -1 19 -1 16 -1 5 -1 24 26 -1 24 26 28 29 -1 29 -1 21 -1 20 21 25 29 -1 3 28 29 -1 24 28 -1 3 -1
443 26 28 29 -1 0 -1 9 11 -1 0 -1 17 25 27 -1 27 -1
444 0 -1 13 24 -1 25 -1 0 -1 9 15 -1 25 26 -1 18 26 -1
445 2 16 26 -1 2 -1 21 -1 3 -1 4 -1 8 -1 24 -1 26 -1 20 -1
446 20 22 -1 19 -1 4 28 -1 14 24 28 29 -1 9 18 27 -1 22 29 -1 17 -1 26 27 -1 26 29 -1 18 22 28 -1
447 2 -1 11 -1 3 23 -1 7 -1 16 24 25 26 -1 22 -1
448 28 -1 6 -1 25 -1 11 23 -1 29 -1 10 -1 3 24 -1
449 10 -1 18 -1 12 -1 1 14 -1 18 -1 19 -1 12 15 -1 23 29 -1 0 20 22 -1 13 17 27 -1 10 -1 2 -1
450 8 -1 0 -1 4 -1 10 -1 24 25 28 -1 20 -1 7 -1 29 -1 1 12 14 -1 24 26 -1 26 29 -1 18 -1 6 7 -1 18 -1 1 14 23 -1 13 20 29 -1
451 4 13 16 -1 16 26 -1
452 6 -1 7 -1 21 -1 21 -1 13 18 29 -1 23 -1 25 27 29 -1 10 -1 10 -1 26 27 29 -1 9 16 -1
453 27 -1 13 17 -1 15 -1 5 11 -1 7 -1 6 -1 11 15 21 -1 14 -1 18 22 26 27 28 29 -1 13 -1 0 22 -1 21 -1 7 23 -1 16 -1 11 29 -1 16 24 -1
454 23 -1 10 18 22 -1 27 -1 23 27 28 -1
455 24 -1 22 24 -1 20 -1 10 -1 23 29 -1 13 -1 25 -1
456 23 28 -1 20 27 -1 11 22 25 27 28 -1 16 -1 2 -1 23 -1 22 24 26 -1 4 9 -1 23 28 -1 19 22 -1 16 -1
457 11 -1 23 -1 1 21 -1 6 -1 11 -1 23 -1
458 12 -1 3 13 -1 9 25 27 -1 20 21 -1 21 -1 3 -1 21 25 -1 3 -1 21 -1 19 25 -1 20 26 -1 4 19 -1 10 -1 8 21 -1 12 -1
459 11 16 -1 10 13 20 29 -1 3 19 -1 6 -1 8 21 -1 6 23 -1 24 29 -1 11 25 29 -1 13 -1 10 12 28 29 -1 16 -1 27 -1 2 -1 16 -1
460 28 -1
461 2 -1 1 -1 16 -1 10 -1 9 17 -1 13 -1 4 -1 8 -1 29 -1
462 24 -1 1 -1
463 5 -1 3 -1 23 29 -1 18 -1 24 29 -1 3 -1 29 -1 20 26 -1 2 9 20 27 29 -1 0 19 -1 1 29 -1 9 -1 20 25 -1 8 13 -1 14 -1 17 -1 25 -1
464 21 -1 25 -1 5 -1 0 -1 25 -1 9 -1 28 29 -1 13 -1 0 15 -1 7 -1 15 26 -1 24 -1 15 29 -1 14 -1 25 -1 18 -1
465 2 15 -1 15 22 -1 12 -1 6 -1 12 20 26 28 -1 11 27 -1 23 29 -1 8 25 -1
466 24 29 -1 8 -1 10 12 27 29 -1 26 29 -1 6 -1 14 -1 27 -1 14 -1 19 -1 11 24 -1 15 26 -1 25 -1 29 -1 28 29 -1
467 8 21 -1 20 27 -1 29 -1 13 -1 25 -1 29 -1 13 -1 22 28 29 -1 17 -1
468 23 28 29 -1 1 29 -1 27 29 -1
469 10 13 -1 13 -1 6 26 27 -1
470 4 -1 0 -1
471 14 -1 4 -1 3 16 26 29 -1 15 -1 26 -1 13 -1 27 28 29 -1 18 -1 10 -1 20 24 -1
472 13 -1 22 24 -1
473 14 -1 24 -1 28 29 -1 25 26 28 -1 6 14 21 -1 13 -1 3 23 -1 0 23 -1
474 13 -1 7 -1 1 9 18 -1 14 -1
475 4 13 16 -1 20 25 -1 19 25 29 -1 19 -1 0 -1 4 -1 3 -1 24 29 -1 25 -1 9 26 28 29 -1 26 27 -1 27 29 -1 3 -1
476 19 -1 6 -1 23 -1 19 -1 1 2 14 -1
477 14 -1 22 -1 20 -1 28 -1 13 17 -1 3 -1
478 20 -1 25 28 -1 7 -1 2 28 29 -1 20 -1 28 29 -1 15 23 26 -1 29 -1 15 -1 13 14 -1 10 18 26 -1
479 18 -1 17 18 -1 17 -1 18 -1 10 -1
480 5 24 -1 4 8 -1 24 29 -1
481 25 27 -1 7 -1 16 -1 15 17 29 -1 8 -1 15 -1 7 -1 18 -1 6 18 -1 0 -1 23 -1 28 29 -1 13 -1 0 22 28 -1 21 -1 7 -1 5 -1 27 28 -1 26 -1 28 -1 13 -1
482 12 24 -1 29 -1 4 -1 15 -1 10 26 -1 10 26 -1 12 -1 19 25 29 -1 22 26 28 -1 25 -1 10 13 -1 29 -1 24 -1 27 29 -1 4 23 24 26 -1
483 17 -1 4 29 -1 8 27 -1 11 24 -1 17 -1 18 23 -1 15 21 -1 19 -1
484 18 -1 25 28 -1 5 -1 16 26 28 -1 9 14 25 -1 9 -1 10 11 16 -1 24 27 28 -1 20 21 -1 11 -1 13 15 -1 5 -1 3 26 -1 19 -1
485 4 -1 6 -1 10 14 -1 10 -1 1 -1 11 13 -1 19 -1 16 26 27 -1 1 12 18 -1 17 28 -1 0 6 -1 9 27 28 -1 17 -1 23 -1
486 9 -1 29 -1 24 -1 29 -1 2 -1 21 -1 1 -1 20 -1 5 13 29 -1
487 8 -1 13 -1 25 27 -1 7 -1 22 28 -1 6 28 29 -1 29 -1 5 -1 2 20 27 -1 11 21 -1 0 -1
488 6 -1 6 26 28 -1 2 -1 20 21 25 -1 17 -1 17 25 -1 0 -1 10 14 -1 19 -1 3 -1 12 -1 13 -1
489 18 -1 9 10 18 -1 16 29 -1 9 -1 23 -1 16 -1 28 -1
490 5 20 26 27 29 -1 21 -1 17 18 -1 10 27 -1 12 -1 20 26 -1
491 23 24 -1 5 -1 11 27 -1 1 2 -1
492 10 -1 20 22 -1 2 22 -1 23 -1 7 -1 10 23 -1 16 20 29 -1 27 -1 7 -1 21 -1 26 -1 8 15 -1 20 24 -1 29 -1 27 -1
493 5 9 -1 1 5 7 -1 14 -1 9 25 28 29 -1 23 24 -1
494 3 -1 29 -1 22 -1 22 24 27 29 -1 23 29 -1 11 15 29 -1 2 20 -1
495 26 27 28 29 -1 0 20 -1 1 -1 2 -1 9 -1 25 26 27 28 29 -1 2 28 -1 21 -1 1 24 -1
496 2 -1 5 17 19 -1 7 24 -1
497 11 19 20 -1 18 -1 29 -1 5 -1 28 -1 2 -1 26 -1 19 23 -1 23 -1 19 20 -1 2 -1 4 20 21 -1 15 -1 8 -1 5 15 18 19 -1 16 -1 6 -1 23 -1
498 17 -1 23 -1 13 26 28 -1 8 -1 12 -1 21 -1 12 -1 23 -1 17 21 -1 11 -1 12 -1
499 5 24 -1 21 -1 21 26 27 -1 24 26 28 -1 10 -1 28 -1 6 23 24 -1 4 25 29 -1 7 -1 8 -1 21 26 -1 11 29 -1
500 17 20 -1
501 10 -1 7 -1 20 24 -1 21 -1 29 -1 4 15 -1 16 22 -1
502 12 22 -1 24 29 -1 15 -1 13 23 -1 17 18 -1 17 -1 21 -1 17 18 -1 26 27 28 -1 3 -1 0 -1
503 13 -1 26 -1 11 -1 25 -1 17 -1 5 -1 5 29 -1 6 11 -1 1 -1 13 21 24 -1 28 -1 6 -1 14 20 25 -1
504 9 12 20 -1 15 -1 16 -1 18 22 26 -1 17 20 26 -1
505 28 -1 13 16 24 28 -1 1 8 26 29 -1 21 25 -1
506 27 -1
507 1 -1 16 19 21 -1 29 -1 9 -1 15 -1 24 27 29 -1 23 29 -1
508 16 -1 22 24 26 -1 24 -1 17 -1 16 19 24 -1 26 -1 19 28 -1 20 -1 27 28 -1
509 21 -1 0 -1 7 20 24 -1 0 18 -1 23 -1 13 -1
510 13 24 27 29 -1 26 -1 9 29 -1 20 26 29 -1 17 27 -1 23 -1
511 22 -1
512 1 -1 21 27 -1 0 -1 28 29 -1 4 14 -1 10 14 27 -1 29 -1 11 -1 25 -1 1 -1 22 -1 5 14 -1 27 -1 15 -1 22 -1
513 2 -1 20 21 26 -1 6 -1 23 26 27 -1 2 25 26 29 -1 10 26 -1 12 22 25 -1 21 25 28 -1
514 11 18 -1 8 -1 28 -1 25 29 -1 27 28 29 -1 12 28 -1 17 28 29 -1 28 -1 15 29 -1 21 22 -1 0 -1
515 19 22 -1 26 28 -1 1 -1 22 -1 0 -1 23 -1 28 -1 26 -1 9 23 -1 19 -1
516 15 -1 21 28 29 -1 23 -1 24 -1 2 -1
517 25 -1
518 1 -1 10 29 -1 5 16 17 27 29 -1 3 -1 22 -1 4 27 29 -1 8 24 29 -1 6 19 -1
519 28 -1 8 12 -1 11 -1 12 -1 12 15 16 26 28 -1 23 -1 18 -1 13 20 21 26 -1 0 19 25 -1 17 -1 25 -1 2 -1 20 -1 11 27 -1 3 13 -1 29 -1 9 -1
520 12 26 -1 21 24 -1 27 -1 11 13 -1 8 15 29 -1 1 -1 24 -1
521 15 -1 20 -1 23 -1 29 -1 23 26 29 -1 11 23 25 -1 15 28 -1 9 -1
522 10 -1 13 -1 1 -1 23 24 -1 27 -1 8 -1 1 -1 10 28 -1
523 24 26 -1
524 13 -1 4 -1 15 -1 9 23 27 28 29 -1
525 27 28 29 -1 4 -1
526 13 27 -1 5 -1 28 29 -1 2 8 -1 25 26 -1 3 -1 2 -1 0 7 -1 16 -1 0 17 -1 19 -1 7 -1 8 17 24 25 -1 29 -1 23 28 29 -1 2 -1
527 13 -1 11 18 -1 26 29 -1 16 -1 21 -1
528 20 -1 26 -1 15 25 26 -1 27 -1 2 8 -1 8 23 -1 9 23 27 29 -1 10 16 -1 12 -1 3 -1 16 -1 22 25 29 -1 15 -1 10 16 -1
529 15 18 27 -1 15 -1 9 -1 3 6 -1 6 -1 28 29 -1 2 5 -1 13 24 -1 27 29 -1 8 -1 11 16 23 28 -1 22 -1 2 12 27 -1 29 -1 15 -1
530 3 -1 17 19 -1 26 -1 25 27 -1 24 -1
531 25 -1 20 25 28 -1 16 -1 7 12 -1 4 13 16 -1 11 -1 16 23 -1 28 29 -1 27 29 -1 1 16 -1 5 10 -1 6 -1 2 -1 26 -1 13 14 20 28 -1
532 6 10 11 -1 29 -1 20 -1 5 -1
533 13 25 -1 19 29 -1 22 27 -1 8 14 29 -1 23 24 -1 23 -1 4 10 -1 19 22 -1 6 15 -1 16 -1 20 26 -1
534 21 -1 1 16 19 -1 22 23 29 -1 1 28 -1 3 -1 12 29 -1 8 -1 10 23 29 -1 21 -1
535 7 21 26 27 28 -1 27 -1
536 27 -1 20 23 -1 2 -1 4 -1 10 -1 18 22 29 -1
537 13 -1 3 5 -1 3 6 -1 28 -1 16 -1 10 24 -1 11 -1 20 21 -1 29 -1 18 26 27 -1 25 29 -1 2 -1 19 -1 23 29 -1 6 -1
538 29 -1 17 27 -1 19 -1 0 29 -1 10 19 29 -1 23 -1 27 -1 8 17 25 29 -1 27 28 29 -1 0 1 24 26 28 -1 10 14 -1 16 17 -1 13 21 -1
539 9 20 -1 17 20 25 -1 19 -1 9 28 -1 24 -1 22 27 -1 4 9 -1 10 17 -1 19 29 -1 26 -1 22 -1 3 4 20 22 -1
540 26 -1 23 26 27 -1 10 24 -1 1 -1 17 -1 9 28 29 -1 29 -1 16 -1 3 -1 24 -1
541 13 28 -1 20 -1 17 22 26 -1 18 -1 27 28 -1 2 -1 11 22 -1 0 23 24 -1 12 -1 8 18 25 26 27 29 -1 15 21 25 -1
542 22 29 -1 9 -1 11 -1 4 -1
543 21 -1 28 29 -1 26 28 29 -1 16 -1 26 29 -1 17 22 -1 20 24 -1 28 -1 6 8 18 -1
544 18 24 29 -1 18 -1 16 29 -1 1 -1 11 -1 27 28 29 -1 3 23 24 25 29 -1 25 26 -1
545 20 22 25 -1 27 -1 20 26 -1 24 -1 27 29 -1 10 -1
546 14 15 -1 7 -1 9 -1 17 -1 26 -1 13 15 29 -1 12 22 -1
547 12 20 23 25 29 -1 7 -1 0 23 27 29 -1 4 -1 5 -1 21 -1 20 -1 23 24 25 28 -1 15 22 28 29 -1 5 -1 16 23 28 -1 23 27 -1 15 -1
548 17 -1 3 -1 2 23 -1 1 24 -1 19 -1 12 14 20 27 28 29 -1 21 -1
549 14 -1 11 20 27 29 -1 18 -1 17 -1 10 -1 18 19 -1 3 25 28 29 -1 15 21 27 -1 14 -1
550 14 -1 9 -1 12 -1 12 29 -1 12 -1
551 27 28 -1 1 13 25 -1 3 -1 21 22 25 -1
552 16 20 -1 9 -1 29 -1 14 24 26 29 -1 21 29 -1 2 -1 14 -1 12 -1 28 29 -1 9 -1 8 -1 18 21 -1 28 -1 11 -1 13 14 -1 18 -1
553 16 -1 29 -1 10 14 19 24 -1 12 20 21 -1 24 -1 3 21 -1 13 20 -1 25 26 -1 21 -1 26 -1 26 -1
554 21 24 26 -1 26 -1 13 21 25 -1
555 26 -1 25 28 29 -1 3 -1 29 -1 4 12 -1 8 23 26 -1 5 -1 27 -1 3 27 -1 20 -1 5 -1
556 10 -1 17 -1 5 -1
557 27 -1
558 5 11 -1 9 -1
559 25 29 -1 23 -1
560 22 -1 10 -1 5 -1 11 -1 1 5 11 17 25 -1 2 28 -1 7 14 -1 2 26 29 -1 28 29 -1 12 -1 12 -1
561 11 -1 8 27 -1 24 29 -1 24 28 29 -1 2 -1 1 -1 1 -1 12 -1
562 2 -1 5 11 22 29 -1 24 26 -1 23 25 -1 8 21 29 -1 17 28 29 -1 12 15 -1 11 -1 25 29 -1
563 22 23 28 -1 18 26 28 29 -1 6 -1 20 -1 5 19 -1 29 -1 20 -1 15 -1 6 27 -1 29 -1 25 -1 16 -1 28 29 -1 26 -1 10 -1 28 29 -1 17 29 -1 15 -1 26 -1
564 9 -1 18 21 24 27 29 -1 21 -1
565 29 -1 26 -1 13 14 -1 25 27 29 -1 12 -1 0 -1 20 -1 14 21 27 -1 22 28 -1
566 11 -1 24 -1 15 -1 20 -1 28 29 -1 0 1 -1 9 14 -1 20 25 26 -1 7 -1 19 -1 11 -1 29 -1 10 -1 11 23 27 -1
567 28 -1 15 26 29 -1 12 22 -1 4 -1 28 29 -1 21 25 -1 18 -1 2 27 28 29 -1 6 29 -1 23 26 -1 9 -1 6 7 -1 10 26 -1 10 -1 15 -1 12 -1
568 13 14 19 -1
569 5 13 18 -1 0 -1 10 12 26 -1 23 -1 29 -1 20 -1 15 -1 3 -1 16 -1 7 -1 15 16 18 26 -1
570 8 -1
571 29 -1 8 -1 29 -1 5 7 -1 16 19 -1 10 -1 6 -1 4 24 -1 13 -1 18 25 26 -1 24 27 -1 13 18 27 -1 14 -1
572 28 29 -1 14 -1
573 20 -1 15 -1 18 -1 23 -1 26 -1 25 27 -1 22 -1 12 -1 7 -1 4 -1 21 -1 2 6 -1 28 29 -1 11 -1 22 -1 13 29 -1 17 -1
574 27 29 -1 29 -1 14 -1 11 17 25 28 -1 20 21 27 -1 10 -1 28 -1 5 -1 8 -1 0 2 -1 18 -1 24 -1 15 -1 29 -1
575 28 -1 19 -1 14 19 -1
576 14 22 -1 25 27 -1 2 -1 27 -1 8 18 -1 9 21 -1 21 -1 7 -1 16 29 -1 26 -1 20 -1 5 -1 10 21 -1 20 -1
577 19 23 24 28 29 -1 23 28 29 -1 26 -1 9 -1 28 -1 8 -1
578 19 24 -1 12 -1 20 27 29 -1 4 9 13 -1 16 27 -1
579 29 -1 5 -1 20 22 29 -1 11 13 27 29 -1 5 19 20 23 -1 4 -1 6 14 21 -1
580 1 -1 29 -1 23 -1 14 21 23 25 -1 2 -1 23 -1
581 26 27 29 -1 2 -1 1 16 -1 5 -1 29 -1 28 29 -1 21 -1 25 -1 19 -1 20 -1 3 -1 14 17 29 -1 14 27 -1
582 6 22 -1
583 22 28 29 -1 5 6 20 29 -1
584 28 -1 22 29 -1 4 26 -1 14 23 -1 20 26 28 29 -1 28 29 -1 15 -1 27 -1 4 -1 27 -1 2 20 -1 12 -1 20 24 -1
585 25 -1 22 -1 13 26 -1 18 19 -1 17 -1 17 20 23 -1 9 -1 7 -1 24 25 27 29 -1 28 29 -1
586 29 -1 29 -1 16 21 28 29 -1
587 1 25 29 -1 13 -1 29 -1 19 -1 14 24 -1 10 11 18 -1 28 29 -1 2 -1 12 -1 6 7 -1 13 27 29 -1 24 29 -1 7 -1
588 16 27 -1 9 -1 23 -1 24 28 -1 0 -1 27 29 -1 11 -1 8 16 -1 11 28 -1 27 -1 11 14 -1 1 -1 29 -1 6 -1
589 24 26 29 -1 11 -1 16 -1 6 11 -1 21 -1 18 -1 11 -1
590 2 8 24 26 -1 13 -1 22 -1 3 -1 5 -1 11 -1 2 -1 17 28 -1 10 15 -1 8 27 -1 2 -1 6 22 28 -1 24 -1 21 23 -1
591 24 25 26 -1 23 -1 19 28 29 -1 9 22 -1 2 27 -1 0 1 -1 15 16 20 -1 24 -1 4 -1 20 -1 11 -1 16 -1
592 8 -1 3 21 22 -1 8 14 -1 21 29 -1
593 25 -1 25 -1
594 13 27 -1 28 29 -1 23 -1 4 6 16 -1 21 -1 17 18 23 -1 29 -1 10 -1 20 -1 2 26 28 29 -1 3 -1 5 -1 10 24 25 -1 1 -1 15 -1 0 6 -1
595 0 -1 27 29 -1 26 29 -1 28 -1 18 -1 23 29 -1 5 18 23 26 28 29 -1 11 17 26 29 -1
596 23 -1
597 1 -1 5 26 29 -1 13 -1 17 24 25 28 -1
598 24 25 28 29 -1 10 17 -1 20 27 -1 6 -1 19 22 -1 17 26 28 -1
599 12 17 -1 9 14 -1 19 -1 7 17 19 -1 13 29 -1 20 -1
600 7 -1 2 8 -1 12 14 -1 18 -1 16 -1 22 23 -1 16 28 29 -1 9 14 27 -1 4 17 -1 27 28 -1
601 10 -1 5 -1 2 -1 14 -1 26 -1 13 24 29 -1 23 -1 11 28 -1 17 29 -1 23 -1 21 23 -1
602 15 29 -1 15 -1 2 -1 19 -1 29 -1 14 19 25 -1 13 -1 27 -1 25 -1 1 10 11 -1
603 18 -1 28 -1 15 -1 5 -1 28 29 -1 28 29 -1 29 -1 14 -1 26 -1 20 25 29 -1 24 28 29 -1 2 5 -1
604 14 -1 8 -1 0 -1 24 -1 28 29 -1 6 -1 18 -1 1 -1 11 -1 9 -1 20 -1 9 -1 8 -1 6 -1 7 -1 21 -1 9 20 27 -1 9 -1 25 -1 29 -1 12 13 -1 23 -1
605 1 26 29 -1 2 28 29 -1 28 29 -1 26 -1 10 -1 8 -1 29 -1 10 -1
606 16 -1 21 -1 2 20 -1
607 6 20 25 -1 20 -1 15 -1 1 -1 21 27 28 29 -1 22 27 29 -1 16 -1
608 24 -1 7 -1 17 -1 12 -1 6 -1 9 -1 29 -1
609 27 29 -1 26 -1 5 10 -1 2 17 22 -1 22 29 -1 23 27 29 -1 26 -1 7 14 -1 20 25 -1 2 28 29 -1 0 -1 0 -1 29 -1 19 -1 0 -1
610 29 -1 6 -1 4 -1 25 28 -1 25 -1 19 -1 10 -1 23 -1 19 -1
611 16 -1 12 -1
612 28 -1 21 27 -1 12 -1 27 -1 25 -1 18 -1 28 29 -1 3 -1 28 -1 10 -1 17 -1 20 28 29 -1 20 28 29 -1 2 8 -1 25 26 -1
613 3 8 18 -1 13 16 -1 4 -1 17 -1 3 18 -1 11 -1 1 27 29 -1 26 -1 13 21 -1 29 -1 23 27 28 -1 10 13 -1 29 -1 21 -1 13 -1
614 14 16 -1 3 -1 10 -1 6 13 -1 18 -1 11 -1 20 -1 20 21 -1 20 -1
615 12 -1 9 -1
616 20 27 -1
617 28 29 -1 21 -1 21 -1 25 29 -1 3 5 -1 14 20 -1 23 -1 10 -1 9 25 -1 9 -1 3 -1 4 -1 28 -1 6 -1 7 -1 27 28 29 -1
618 26 29 -1 21 -1 25 27 -1
619 1 -1 25 -1 16 26 -1 2 -1 1 -1 24 -1 10 20 -1 9 27 28 -1 19 24 27 -1 28 -1
620 8 -1 13 27 28 -1 17 -1 21 -1 5 -1 3 25 -1 21 -1 23 28 -1 27 28 29 -1 21 29 -1 11 27 28 29 -1
621 3 -1 28 29 -1 1 18 19 28 29 -1
622 17 -1 9 -1 11 -1 11 -1 7 -1 14 -1 24 25 -1 1 -1 8 19 25 26 -1 20 -1 16 24 27 28 -1
623 21 25 -1 9 10 23 -1 2 4 -1 24 -1 27 28 29 -1 4 12 -1 19 29 -1 9 -1
624 3 24 27 -1 18 -1 29 -1 29 -1 5 7 -1
625 28 -1 13 15 22 29 -1 14 -1 27 -1 22 27 29 -1 14 -1 9 -1 19 -1 26 -1 28 29 -1 5 7 -1 14 -1 26 29 -1 4 22 -1 18 27 29 -1 13 -1
626 5 -1 18 27 -1 6 15 -1 3 22 -1 26 -1
627 27 28 -1 3 5 9 -1 8 -1 26 28 29 -1 28 -1 24 -1 6 -1 25 28 -1 9 -1 9 -1 0 -1
628 8 19 26 29 -1 18 -1 11 -1 18 20 -1 3 19 27 28 -1 0 9 16 25 -1 10 -1 10 21 22 -1 13 -1 29 -1 15 17 -1
629 4 9 15 -1 13 17 29 -1 16 -1 0 -1 24 29 -1 20 -1 12 14 29 -1 18 -1 10 -1 11 19 27 -1 22 -1 27 -1 14 16 -1 11 -1 15 -1
630 12 -1 9 22 26 28 29 -1 6 26 -1 7 -1 23 29 -1 4 -1 4 -1 7 18 20 28 29 -1 7 -1
631 9 15 21 -1 4 6 28 29 -1 3 17 21 24 -1 0 -1 14 -1 2 21 -1 27 28 -1
632 4 -1 16 22 -1
633 5 -1
634 9 -1 28 -1 22 29 -1 24 -1 21 -1 3 7 -1
635 4 19 26 -1 27 28 -1 13 -1 12 28 29 -1 9 12 22 -1 20 22 27 -1 1 7 26 29 -1
636 4 -1 14 21 29 -1 13 28 29 -1
637 12 -1 29 -1 18 -1 17 -1 28 -1 26 -1 9 27 29 -1 18 -1 2 -1 5 8 -1 9 25 28 -1 23 -1
638 20 29 -1 0 -1 5 -1 15 -1 22 -1 11 -1
639 7 23 27 -1 2 12 29 -1 27 28 29 -1 1 12 15 28 -1 25 -1 22 29 -1 7 -1 24 -1 22 -1 20 27 28 -1 16 -1
640 14 -1 4 22 28 -1 16 17 22 -1 29 -1 12 -1 22 -1 17 20 23 25 26 -1 12 28 -1 10 17 -1 14 -1
641 29 -1 3 21 23 25 28 29 -1 22 26 28 29 -1 11 -1 12 23 -1 21 27 28 29 -1 26 -1
642 5 -1 15 24 -1 25 29 -1 13 28 -1 12 -1 2 -1 19 25 -1 12 16 24 29 -1 18 25 29 -1 6 28 -1 16 -1 29 -1 8 -1 23 24 25 -1 26 -1 23 -1 21 -1
643 11 25 -1 23 24 27 -1
644 20 -1 15 -1 23 -1 19 -1 22 24 -1 15 -1
645 1 5 29 -1 11 -1 1 10 13 -1 26 27 28 -1
646 14 -1 25 26 27 28 29 -1 21 25 -1 3 -1 13 22 -1 23 -1 5 10 -1 6 -1 7 -1 17 23 26 29 -1 29 -1 15 25 28 29 -1
647 21 27 -1 19 24 -1 7 -1 12 -1
648 26 27 29 -1 15 -1
649 25 -1 22 -1
650 3 -1
651 3 -1 11 16 -1 5 10 -1 25 -1 17 -1 1 -1 18 -1 4 -1 1 5 18 24 26 28 -1
652 1 13 -1 12 -1 20 -1 9 -1 25 -1 12 -1 7 23 -1 0 -1 15 -1 12 25 -1 6 16 17 27 28 -1 27 29 -1 14 26 -1 1 9 11 28 -1 27 -1 10 -1
653 3 23 -1 26 -1 7 25 29 -1 3 19 -1 18 -1 24 28 -1 5 -1 20 -1 27 28 29 -1 18 -1 9 -1 24 -1 27 28 -1 20 27 28 -1 25 -1 8 29 -1 1 -1
654 22 -1 6 28 29 -1 13 -1
655 18 -1
656 4 -1 27 28 29 -1 9 21 -1 10 17 -1 18 -1 18 -1 19 23 -1 21 -1 3 -1 20 -1 8 -1 7 26 -1 29 -1 2 -1 27 -1
657 15 24 -1 1 -1
658 2 18 21 -1 26 -1 4 11 23 25 26 -1 15 24 -1 15 16 -1 20 -1 9 23 26 27 -1
659 14 20 -1 16 -1
660 18 -1 22 -1 10 -1 3 8 20 -1 19 20 22 24 -1 0 -1 24 27 29 -1 8 22 -1 15 21 27 28 -1
661 20 -1 23 27 -1 29 -1 0 17 22 -1 11 -1 28 -1 0 -1 19 -1 4 -1
662 23 29 -1 21 -1
663 26 -1 12 -1 8 25 29 -1 19 -1 22 24 25 29 -1 21 -1 3 -1 22 -1 9 15 23 -1 22 -1 26 29 -1 5 -1
664 26 28 -1 6 16 29 -1 28 29 -1 18 -1 26 -1 20 -1 5 29 -1 25 -1
665 1 -1 17 28 -1 6 -1 19 -1 2 -1 6 21 23 -1 27 28 -1 14 -1 27 -1 22 -1
666 3 28 29 -1 13 15 29 -1 5 -1
667 1 -1 11 -1 22 24 27 -1 26 28 -1 17 -1 14 -1 7 -1 8 -1 14 16 21 -1 20 22 27 -1 1 -1 21 -1 8 -1 6 23 24 28 29 -1
668 4 -1 15 -1 19 28 -1 27 -1 27 -1 15 19 -1 8 -1 6 13 -1 12 -1 23 24 28 -1 10 21 -1 24 28 -1 14 28 29 -1
669 18 -1 20 -1 23 -1 7 24 -1 5 6 -1 1 -1 3 19 24 -1 9 -1 3 -1 26 -1 2 -1 0 22 -1 24 -1 23 -1
670 18 -1 28 29 -1 4 23 -1 16 -1 22 -1 21 -1 9 16 -1 17 22 29 -1 23 -1 29 -1 28 29 -1 23 -1 27 -1 9 17 -1
671 29 -1
672 18 -1 5 -1 9 -1 15 -1 8 -1 19 23 -1 5 15 -1
673 12 -1 0 10 -1 10 27 29 -1
674 23 -1 27 -1 19 26 -1
675 6 28 29 -1 29 -1 6 -1 11 -1 26 29 -1 3 -1 27 -1 24 -1 27 -1 28 -1 29 -1 15 -1 21 -1 24 -1 17 -1 12 -1
676 28 -1 15 -1 16 27 28 -1 27 29 -1 24 26 -1 12 -1 2 12 16 18 -1 1 -1
677 13 -1 8 -1 14 20 23 25 -1
678 24 28 -1 21 29 -1 23 29 -1 16 -1 28 -1 21 -1 26 28 29 -1 26 -1 8 -1 10 11 -1 23 26 27 28 29 -1 10 -1
679 25 -1 29 -1 24 -1 23 -1 4 -1 27 29 -1 21 25 -1 17 -1
680 14 19 24 27 28 29 -1 18 -1 8 15 26 27 -1 11 -1
681 27 -1 16 29 -1 5 22 25 27 -1 26 -1 14 -1 14 19 -1
682 23 -1 0 -1 20 -1 20 -1 1 -1 13 -1 12 28 -1 0 19 24 26 -1 10 -1 4 -1 4 26 -1 10 26 -1 6 -1 17 22 -1 23 -1
683 25 -1 7 -1 5 -1 12 -1 0 -1 6 17 21 -1 18 -1 1 -1 9 15 -1 15 -1 27 -1 7 -1 6 -1 9 -1 22 24 26 29 -1 18 28 -1 22 -1 16 -1
684 0 -1 19 -1 17 -1 25 -1
685 12 21 -1 2 -1 25 28 -1 8 26 -1 17 -1 7 11 29 -1 28 29 -1 6 7 20 22 -1 0 -1 3 -1 29 -1 27 -1
686 18 -1 8 -1
687 12 -1 3 -1 8 10 -1 21 27 -1
688 1 -1 18 -1 17 -1 24 25 28 29 -1 0 10 -1 15 22 23 -1
689 13 -1 23 -1 17 -1 18 -1
690 27 -1 2 -1 0 3 -1 15 -1
691 17 -1 22 -1 5 -1 20 -1 26 -1 26 29 -1 10 -1 23 26 28 -1 25 26 27 -1 8 -1 0 -1 4 17 -1 28 29 -1 23 25 26 -1 24 -1 19 -1 4 16 -1 26 29 -1
692 1 29 -1 21 26 27 -1
693 15 -1 0 -1 22 -1 19 25 -1 9 24 28 29 -1 22 24 -1 17 19 24 26 -1 24 25 -1 14 -1 26 -1 28 29 -1 27 -1 25 29 -1 0 -1 24 28 -1 7 -1
694 25 27 28 29 -1 18 25 26 -1 10 -1 7 -1 20 29 -1 22 28 -1 24 26 -1 14 -1 23 -1 14 -1
695 20 21 23 -1 3 9 -1 7 -1 18 25 26 -1 17 18 -1 5 -1 8 -1 12 -1 0 17 -1
696 3 -1 28 29 -1 22 25 26 28 -1 13 18 19 -1 10 18 29 -1 13 21 25 28 -1 22 -1 26 -1 6 28 29 -1 22 29 -1 3 -1 22 -1
697 2 -1 1 -1 17 -1 18 -1 19 -1 0 22 29 -1 16 -1 4 20 -1 19 -1 14 -1 9 -1 8 -1
698 10 22 25 27 -1
699 20 -1 29 -1 17 18 21 26 28 29 -1 14 -1 13 -1
700 20 -1 10 -1 6 25 -1 19 22 -1 5 -1 2 23 -1 5 13 27 28 29 -1 7 23 26 27 -1 21 -1 25 -1 20 -1 13 -1 18 19 -1 2 -1 6 -1 12 -1
701 28 29 -1 8 -1 21 -1 12 18 -1
702 22 -1 2 9 -1 29 -1 0 11 21 27 -1 25 29 -1 13 26 -1 10 20 -1 2 23 28 -1 7 26 -1
703 14 -1 3 -1 22 24 26 29 -1
704 14 -1 0 19 28 29 -1 6 23 25 -1 14 -1 12 -1 3 7 -1 17 29 -1 17 -1 15 24 -1 15 -1 24 25 -1 3 15 -1 18 -1 6 -1 18 -1 28 -1 2 17 -1
705 21 -1 29 -1 23 -1 13 20 28 29 -1 2 28 29 -1 17 -1 13 -1 23 26 -1
706 24 -1 10 -1 16 18 -1 28 29 -1 1 -1 10 26 29 -1 0 20 23 -1 17 -1 4 -1 3 18 -1 16 -1 9 24 -1 17 23 -1 12 14 28 -1 1 17 -1
707 6 -1 21 29 -1 15 -1 28 -1 5 28 29 -1 29 -1 8 19 28 29 -1 3 17 -1 20 -1 21 25 26 -1 23 -1 28 -1 15 -1 28 29 -1 22 27 -1 14 -1 17 -1
708 13 21 -1 4 25 26 -1
709 1 -1 7 20 22 -1 12 21 -1 14 -1 15 18 -1 10 -1 7 -1 9 23 29 -1 24 25 -1 25 -1 25 -1
710 0 15 22 26 -1 18 24 29 -1 27 -1 12 -1 16 22 -1 17 -1 7 -1 2 -1 29 -1 21 -1 1 23 25 29 -1 25 -1 8 -1 19 -1 21 -1
711 18 -1 23 26 -1 6 11 14 17 -1 25 28 29 -1 7 -1 24 27 29 -1 24 -1 20 21 -1 16 -1
712 14 29 -1 15 23 -1 22 27 29 -1 28 -1 4 14 22 -1 4 -1 26 -1 11 -1 4 -1 27 29 -1 14 -1 19 -1 10 20 -1 19 -1 22 -1 12 -1 18 -1
713 2 25 28 29 -1 26 27 -1 13 24 27 -1 4 9 -1 2 -1 28 29 -1 18 22 -1 24 -1 12 -1 19 -1 14 -1
714 20 -1 24 -1 3 26 -1 19 -1 25 -1
715 17 -1 9 18 -1 22 27 -1 10 25 -1 26 -1 18 26 27 -1 17 24 -1
716 5 9 16 -1 23 -1 26 28 29 -1 6 -1
717 25 28 -1 16 23 -1 1 12 15 -1 29 -1 14 -1 4 18 23 -1 12 17 24 -1 14 -1 19 -1 11 18 -1 6 21 23 25 -1 2 -1 22 27 28 29 -1
718 14 28 29 -1 16 -1 12 -1 5 -1 2 28 -1 7 -1 29 -1 13 23 -1
719 1 9 -1 24 -1 13 -1
720 29 -1 22 -1 15 -1 19 -1 8 -1
721 16 -1 22 27 -1 16 20 22 -1 2 12 26 27 -1
722 19 29 -1 10 21 28 -1 21 28 -1 5 -1 7 20 25 29 -1 1 28 29 -1 15 -1 0 -1 0 -1 24 -1 2 -1 28 29 -1 12 -1
723 17 23 25 28 29 -1 5 22 24 -1 23 27 28 -1 28 29 -1 11 27 -1 23 -1
724 22 23 -1 12 -1 10 -1 3 -1 20 -1 28 -1 28 -1 16 -1 11 -1 22 25 29 -1 8 -1 12 24 25 26 28 29 -1
725 0 1 4 15 -1 28 29 -1 18 23 -1 27 -1 17 24 -1 23 -1 12 -1 10 -1 21 -1 4 -1 24 27 -1
726 3 -1 16 26 -1 2 -1 4 19 22 -1 27 -1 7 15 27 28 -1 23 -1 22 -1 2 -1 24 29 -1 19 -1 10 20 26 -1 5 -1
727 0 -1 3 -1 14 19 -1 19 -1 29 -1 13 -1 26 -1
728 13 23 27 29 -1 13 -1 16 -1 3 13 -1 13 -1 12 23 25 -1 12 -1 18 -1 28 29 -1 29 -1 1 -1 0 12 17 -1 23 29 -1 11 19 -1
729 2 3 -1 5 -1 24 -1 12 -1 7 22 -1 23 24 27 -1 16 29 -1 14 21 -1 23 -1 3 24 27 28 -1
730 4 -1 11 12 -1 16 -1 23 -1
731 21 24 28 29 -1 8 -1 20 24 -1 18 -1 3 -1
732 13 23 -1 8 29 -1 8 -1 17 28 -1 16 -1 6 23 -1 17 27 -1 2 19 -1 16 -1
733 0 -1 4 -1 17 23 -1
734 13 -1 4 -1 3 -1 8 -1 7 24 26 28 29 -1 16 -1 22 26 29 -1 15 26 -1
735 11 -1 25 -1 28 29 -1 14 17 23 -1 13 -1 2 23 -1 5 23 25 27 29 -1 4 25 -1 13 -1 23 -1 19 27 29 -1 28 29 -1 20 23 27 -1
736 11 19 -1 21 24 26 -1 0 -1 18 -1 8 -1 24 -1 23 -1 24 -1
737 10 -1 5 -1 0 29 -1 1 -1 27 -1 22 -1 25 -1 8 -1 23 -1 23 -1 4 20 25 27 29 -1
738 25 27 28 -1 23 -1 21 23 -1 7 -1 0 9 24 28 -1 22 24 -1 23 26 -1 10 24 -1 28 29 -1 22 -1 20 26 -1 11 -1 26 -1
739 9 -1 28 -1 20 22 -1 7 17 -1 8 -1 28 -1
740 8 -1 22 -1 1 24 29 -1 10 18 26 -1 22 29 -1 28 29 -1 9 17 -1 15 -1 14 -1
741 24 26 28 29 -1 13 25 26 -1 14 28 -1 17 -1 23 28 -1 28 -1 6 -1 24 27 -1 7 -1 13 -1
742 6 17 21 29 -1 7 22 -1 24 -1 6 7 9 22 -1 12 -1 27 -1 28 29 -1 9 10 21 28 -1 15 17 -1 8 21 -1 4 5 -1 23 24 29 -1
743 12 15 20 25 27 -1 20 22 24 -1 25 28 29 -1 8 -1 24 -1
744 16 17 -1 26 -1 1 -1 11 13 29 -1 14 18 -1 22 -1 19 -1 10 13 28 -1 3 25 -1 18 26 27 -1 16 -1 26 -1
745 7 27 -1 0 -1 13 -1 8 28 29 -1 25 26 28 29 -1 4 -1 17 -1 10 -1
746 12 -1 1 2 -1 12 -1 24 27 -1 9 21 23 -1 29 -1 8 -1 14 27 28 -1 16 -1 14 -1 4 -1 1 19 20 -1
747 9 -1 28 -1 17 18 -1
748 14 -1 4 29 -1
749 16 24 25 26 -1 27 -1
750 16 -1 15 28 -1 0 -1 22 -1 23 -1 18 24 28 -1 1 6 7 -1 5 -1 20 -1 8 13 -1
751 8 28 29 -1 7 -1 20 22 -1 3 -1 1 -1 21 -1 29 -1 26 27 -1 7 21 -1 22 -1 19 28 -1 2 -1
752 0 15 -1 13 15 -1 7 13 14 25 26 27 28 -1 26 -1 1 -1 3 -1 28 -1
753 1 -1 5 28 -1 19 20 -1 14 -1 11 17 -1 28 -1 29 -1 27 -1 12 -1 25 -1 13 24 25 26 28 29 -1 18 -1 26 -1 21 -1
754 7 28 -1 19 -1 3 -1 18 -1 22 -1 10 19 22 -1 4 27 28 -1 15 -1 10 26 -1
755 19 -1 14 29 -1 4 -1 6 10 19 -1 2 -1 12 -1 21 25 29 -1 19 -1 7 -1 15 -1 27 29 -1 8 12 16 -1 25 29 -1 18 -1 19 -1 8 -1 7 -1
756 25 29 -1 29 -1 24 27 28 29 -1 9 -1 21 -1 5 14 -1 22 23 -1 8 -1 7 -1
757 15 26 29 -1 1 18 20 -1 24 -1 17 -1
758 3 13 26 -1 4 -1
759 25 29 -1 15 -1 9 22 -1
760 21 -1 22 25 29 -1 24 29 -1 7 27 -1 20 21 23 25 -1 5 28 29 -1 23 -1 10 14 -1 7 -1 2 13 -1 6 -1 8 26 -1
761 8 21 24 26 -1 23 -1
762 26 -1 18 25 28 -1 23 24 27 28 -1 19 24 -1 14 -1 20 29 -1 26 29 -1 11 24 -1 11 -1 28 29 -1 2 4 -1
763 5 -1 0 -1 12 -1 20 27 -1 0 -1 10 16 -1 2 -1 16 26 27 29 -1 5 -1 13 -1 12 -1 13 17 -1
764 11 17 -1 20 26 -1 23 29 -1 10 20 -1 13 15 -1 6 -1 5 -1 22 -1 1 7 -1 27 -1 28 -1
765 18 -1 9 -1 12 28 29 -1 10 27 -1 11 -1 13 -1 26 29 -1 24 -1 20 -1 8 26 28 -1
766 20 25 27 -1 20 -1
767 10 -1 29 -1 16 24 26 -1 12 -1 16 -1 13 28 -1 19 -1 27 -1 14 18 -1 16 -1 5 -1 24 -1 29 -1 22 27 -1 26 29 -1 26 -1 23 24 -1 9 -1 12 29 -1 0 -1 20 -1
768 7 -1 11 26 -1 21 -1 9 23 -1 6 -1 21 25 -1 25 26 29 -1 1 -1 6 26 -1 19 24 29 -1 22 26 28 -1 24 -1
769 7 -1 0 -1
770 3 -1 28 29 -1 14 -1 7 25 28 29 -1 20 -1 20 -1
771 18 -1 28 -1 25 -1 29 -1 20 -1 0 19 -1 17 -1 6 -1 16 -1 27 29 -1 29 -1 8 23 -1 9 -1 15 -1 20 -1 15 23 -1
772 4 27 28 -1 28 -1 19 -1 13 -1 23 -1 21 -1 0 -1 24 27 28 29 -1 13 22 -1 10 25 -1 10 -1
773 1 29 -1 9 20 26 -1 6 -1 22 -1 7 28 -1 7 21 28 -1 28 -1 20 22 25 -1 29 -1 23 -1 26 -1
774 19 27 28 -1 6 12 21 -1 10 18 28 29 -1 19 -1 12 -1 11 27 -1 22 -1 21 26 -1 4 -1 13 -1
775 5 -1 10 -1 21 23 -1 6 -1 18 24 27 28 -1 5 24 -1 12 -1 6 25 28 -1 6 -1 29 -1 9 27 29 -1 18 25 -1 6 -1
776 0 15 -1 16 17 25 -1 16 22 26 -1 17 -1 23 -1 13 -1 11 -1 1 -1 7 26 29 -1
777 28 29 -1 0 -1 17 -1 10 29 -1 29 -1
778 7 13 -1 20 -1
779 18 -1 21 -1 13 -1 16 27 29 -1
780 23 24 -1 16 -1 12 25 28 29 -1 0 -1 6 10 21 29 -1 11 -1 2 5 -1 18 -1 9 -1 27 -1
781 24 -1 20 25 29 -1 5 15 23 25 26 -1 18 20 23 25 27 28 29 -1 25 28 29 -1 3 15 -1 10 -1 7 29 -1 0 23 25 -1 1 -1
782 4 -1 26 27 28 29 -1 23 24 -1 26 29 -1 8 10 13 -1 10 24 29 -1 23 -1 19 26 -1 26 -1 6 -1 4 -1 15 -1
783 15 -1 15 19 -1 11 28 29 -1 20 28 29 -1 25 -1 4 -1 29 -1 27 28 29 -1 1 -1
784 18 -1 26 -1 17 25 28 29 -1 17 -1 18 26 27 -1 25 -1 23 -1
785 1 9 -1 24 27 28 29 -1 5 -1 24 28 -1 0 6 22 24 -1 20 -1 9 -1 10 -1 4 -1 9 -1 21 25 28 -1 28 -1 29 -1 0 4 -1 8 -1
786 13 -1 8 9 -1 27 -1
787 28 -1 12 25 -1 28 -1 19 24 27 29 -1 4 24 -1 26 -1
788 15 27 -1 18 21 23 -1
789 13 -1 6 13 -1 7 18 -1
790 1 20 -1 7 -1 1 -1 17 20 28 -1 20 -1 7 20 28 -1 10 18 23 -1 18 -1 0 8 -1 6 27 28 29 -1
791 7 20 24 -1 19 20 -1 7 12 -1 28 -1 11 14 24 -1 8 -1 22 -1 23 25 -1 18 22 26 29 -1 13 -1 9 10 -1 28 -1 27 28 29 -1 10 -1 4 -1
792 10 -1
793 12 -1 4 25 27 28 -1 18 -1 5 -1
794 3 23 -1 15 16 21 26 -1 6 -1 9 16 18 27 -1 8 24 28 29 -1 19 -1 0 -1 2 23 25 -1 13 -1
795 22 -1
796 3 -1 17 -1 17 -1 15 -1 6 -1 2 22 23 -1 25 -1 12 -1 13 -1 12 -1 25 26 27 29 -1 3 -1 6 -1
797 4 16 22 -1 4 16 -1 14 18 -1 26 -1 26 29 -1 24 -1 24 -1 14 17 -1 3 7 -1 1 19 26 -1 8 18 23 -1
798 3 -1 11 -1 2 -1 5 -1 6 17 -1 11 14 -1 1 -1 27 -1 19 -1 18 -1 7 -1 10 -1 10 -1 21 -1 21 25 28 -1 29 -1 5 -1 14 -1 27 -1 9 27 -1 17 -1 19 29 -1
799 6 26 -1 5 26 27 -1 21 -1 15 24 -1 19 -1 7 -1
800 18 -1 8 -1 26 29 -1 6 -1 29 -1 9 15 19 29 -1 7 16 -1 6 29 -1
801 13 24 -1 14 -1 9 20 22 -1 26 27 28 -1 15 -1 26 -1 23 24 25 -1 20 23 -1 0 16 -1 29 -1 22 -1 21 24 26 27 -1 3 6 -1 10 -1
802 20 29 -1 17 -1 24 -1
803 25 27 -1 10 24 -1
804 9 -1 27 28 29 -1 2 13 18 -1 27 -1 1 26 -1 23 -1 27 -1 16 26 28 -1 9 -1 19 -1 16 -1 4 5 9 12 -1 0 17 -1 15 -1 5 -1
805 1 -1
806 10 -1 0 -1 0 10 16 18 21 -1 22 -1 18 28 29 -1 29 -1 25 -1
807 9 -1 9 -1 27 28 -1 1 -1 7 -1 5 -1 2 -1 5 20 24 28 29 -1 4 -1 8 -1 13 -1 8 -1 17 25 28 -1 28 29 -1 9 -1 1 -1
808 5 -1 19 -1 23 -1 13 -1 0 24 -1 17 -1 20 24 27 -1 5 -1 14 21 22 23 -1 12 -1 1 -1 25 26 28 29 -1 19 29 -1 16 -1
809 8 -1 24 27 29 -1 28 -1 5 -1 17 18 25 -1 8 -1 8 17 23 -1 27 29 -1 17 -1
810 20 23 -1 18 -1 11 24 -1 23 24 -1 25 28 -1
811 16 -1 26 27 28 29 -1 20 -1 2 25 27 -1 13 22 29 -1 17 23 -1 0 4 -1 18 -1 12 -1 20 -1 23 27 28 -1 23 28 -1 2 -1
812 17 28 -1 19 -1 22 -1 29 -1 4 -1 19 23 29 -1
813 15 23 24 -1 14 29 -1 0 -1 29 -1 16 17 23 -1 19 27 28 29 -1 29 -1 19 -1 20 28 -1 10 -1
814 2 10 23 26 -1 21 -1 5 -1 5 8 13 -1 29 -1 11 23 -1 9 18 -1 11 -1 14 -1 15 -1 19 -1 23 -1 14 21 -1 20 -1 8 24 26 -1 15 -1
815 11 12 14 -1 24 29 -1 1 12 24 29 -1 18 -1 4 12 22 -1 15 22 24 -1
816 13 24 -1 17 29 -1 7 -1 4 -1 26 -1 18 19 -1 20 -1 26 -1 24 28 -1 16 17 20 29 -1 0 -1 7 -1 0 7 -1 29 -1 13 -1 26 27 29 -1 21 -1
817 20 29 -1 12 -1
818 25 28 -1 21 -1 22 23 -1 25 -1 21 -1 14 -1 4 -1 25 26 29 -1 13 23 27 29 -1 14 -1 24 -1
819 21 -1 25 -1 12 -1 28 29 -1 13 -1
820 28 29 -1 8 14 -1 4 -1 25 29 -1 17 -1 1 -1 9 17 28 29 -1 14 -1 1 -1 6 14 -1 8 -1 5 -1 5 -1 14 -1 12 -1 4 -1 8 25 -1 23 28 29 -1
821 20 28 29 -1 13 -1 13 25 29 -1 29 -1 28 29 -1 2 -1
822 19 25 -1 13 18 -1 7 15 -1
823 12 -1 1 -1 15 -1 26 -1 17 -1 15 -1 12 -1 14 24 29 -1 28 -1 19 -1 16 -1 21 26 29 -1 6 9 12 -1 19 -1 28 29 -1 23 -1
824 18 -1 4 -1 24 29 -1
825 27 28 -1 0 16 -1 0 27 28 29 -1 29 -1 22 29 -1 2 -1 22 -1 8 16 -1
826 13 -1 19 -1 3 19 20 -1 7 8 -1 2 21 23 -1
827 16 -1 26 27 -1 2 28 -1 18 20 25 28 29 -1 14 -1 12 -1 1 4 10 -1 26 27 28 -1
828 23 -1 26 28 29 -1 18 19 -1 5 -1 14 -1
829 27 29 -1 26 -1 21 -1 3 17 -1 19 -1 26 -1 26 -1
830 16 29 -1 15 28 29 -1 12 -1 18 27 -1 0 15 -1
831 6 27 -1 18 -1 28 29 -1 7 -1 13 -1 19 -1 3 9 19 23 25 27 28 -1 20 -1 13 -1 18 -1 24 -1 19 -1 14 22 -1 18 27 29 -1 5 -1
832 18 21 29 -1 28 29 -1 23 -1 22 26 -1
833 8 28 29 -1 12 13 -1
834 2 23 29 -1 4 17 -1 4 13 -1 29 -1 7 -1 28 29 -1 12 -1 5 19 24 28 29 -1 8 24 -1
835 9 -1 5 -1 18 -1 11 15 16 18 -1 0 -1 18 -1 8 19 22 24 -1 11 20 26 -1 10 15 17 -1 6 -1 29 -1 13 -1 27 28 29 -1
836 15 -1 7 -1 10 -1
837 11 -1
838 19 22 -1 21 -1 13 -1 24 -1 4 15 -1 10 -1
839 9 -1 6 13 -1 28 -1
840 26 29 -1 16 19 -1 19 24 28 29 -1 9 -1 28 29 -1 8 14 -1 4 -1 1 -1 15 -1 10 -1
841 20 -1 28 -1 19 20 -1
842 24 -1 9 10 21 24 -1 23 -1 22 -1 26 -1 17 -1 14 -1 25 -1 20 -1 7 -1 4 27 -1 5 -1
843 29 -1 20 29 -1 6 27 -1 9 24 28 29 -1 12 -1 13 -1 6 -1 28 29 -1 28 29 -1 2 6 -1 4 -1 7 25 28 29 -1
844 20 -1 17 21 24 -1 9 -1 12 20 24 -1 16 -1 20 29 -1 19 -1 1 -1 12 18 29 -1 15 26 -1 12 -1 21 23 24 -1 26 28 29 -1 27 29 -1
845 14 19 -1 22 -1 8 -1 11 -1
846 26 -1 22 -1 1 12 25 29 -1 27 28 29 -1 0 -1 6 26 -1 10 -1
847 20 21 -1 26 -1 25 -1 9 -1 17 -1 7 -1 17 -1 13 20 -1 29 -1 24 29 -1 28 29 -1 11 -1 3 -1 5 -1
848 9 21 22 -1 1 -1 22 -1 1 -1 25 -1 10 -1 5 9 -1
849 12 -1 21 -1 24 -1 0 -1 28 29 -1 11 -1 29 -1 27 -1 29 -1 21 -1 11 23 24 26 -1 18 28 29 -1 11 -1 9 11 21 26 -1
850 0 -1 4 -1 8 -1 21 -1 10 17 -1 19 24 -1 23 27 -1 26 28 29 -1 2 -1 9 16 28 -1 26 -1 2 -1
851 21 23 -1 29 -1 4 -1 6 29 -1 21 -1 7 26 28 -1 5 12 13 -1 23 -1 26 -1
852 23 26 29 -1 5 -1 21 29 -1 5 -1 0 13 -1 17 21 22 -1 3 -1 4 -1
853 19 -1 18 -1 0 -1 27 -1 4 -1 27 29 -1 7 16 -1 20 -1 2 10 15 23 -1 5 -1 4 -1 26 -1 27 29 -1 20 24 28 -1 10 22 -1 20 -1
854 15 18 24 25 26 29 -1 28 29 -1 22 28 29 -1 15 -1 2 -1 13 26 29 -1 21 -1 0 -1 21 -1
855 14 24 -1 22 26 27 29 -1 16 22 -1 29 -1 7 -1 15 19 -1 26 -1 5 11 28 29 -1 20 27 -1
856 11 20 -1 0 2 -1 9 13 19 -1 10 29 -1 3 -1 1 -1 10 -1 12 13 -1 26 29 -1 0 -1 23 26 -1 26 -1 4 -1 1 -1
857 5 -1 20 22 25 -1 11 -1 6 27 29 -1 27 28 -1 18 -1 20 -1 28 29 -1 15 19 25 -1 18 28 29 -1 9 19 -1 4 8 -1 29 -1 21 26 -1
858 7 -1 15 19 -1 20 -1 23 -1 12 -1 2 -1 11 14 26 28 -1 26 -1 1 5 -1
859 7 -1 17 19 -1 10 25 -1 5 23 -1 2 13 -1 13 -1 5 -1 0 17 28 -1 2 -1 22 25 26 -1 21 -1 12 -1 20 -1 16 26 -1 10 -1
860 8 -1 11 -1 29 -1 0 1 -1 4 -1
861 20 -1 4 28 29 -1 7 -1 21 25 28 29 -1 7 28 -1 13 -1 16 -1 24 26 28 -1
862 22 29 -1 5 -1 10 -1 13 20 21 -1 17 -1 19 -1 1 4 -1 0 11 20 26 27 29 -1 10 -1 18 -1 8 -1 24 -1 25 29 -1 23 -1 22 27 -1
863 10 28 -1 17 28 29 -1 27 -1 29 -1 12 -1 25 27 -1 3 -1 2 -1 11 -1 1 -1 24 -1 17 24 -1 26 -1 23 28 -1 4 21 -1 17 27 -1 10 11 -1 28 29 -1 7 -1
864 13 29 -1 14 24 29 -1 22 -1 16 -1 24 -1 19 24 -1 5 28 -1 2 7 9 11 -1
865 25 26 -1 1 -1 24 -1 14 -1 4 18 -1 5 18 -1 19 23 -1 14 -1 14 -1 27 -1 21 -1 8 -1 27 -1 6 9 -1 11 27 -1 0 -1 4 9 17 20 -1 14 -1
866 15 -1 14 20 -1 26 29 -1 15 -1 10 -1 0 -1 20 -1 28 -1 22 24 -1 28 29 -1 21 27 -1
867 16 -1 14 -1 5 -1 6 -1 4 23 26 29 -1 19 21 -1 8 29 -1 4 5 26 -1 9 -1
868 8 -1 15 27 -1 25 -1 25 26 28 29 -1 3 14 28 29 -1 22 -1 14 17 -1 10 -1 6 12 22 28 29 -1 0 17 -1
869 26 -1 23 25 28 -1 22 29 -1 14 -1 28 29 -1 1 -1 20 -1
870 14 -1 5 -1 5 -1 13 -1 21 -1 22 24 -1 13 -1 17 -1 16 22 -1 20 -1 9 25 -1
871 6 -1 18 26 27 28 29 -1 17 -1 19 22 28 -1 10 -1 23 29 -1 11 -1 29 -1 21 23 -1 27 28 29 -1 20 29 -1 20 -1 1 -1 9 11 14 -1 22 -1 2 -1
872 27 28 -1 24 25 -1 1 21 26 27 28 29 -1 21 -1
873 0 -1 20 -1 25 -1 17 24 25 -1 5 -1 2 28 29 -1 25 -1 15 29 -1 6 20 -1 25 -1 17 -1 16 18 -1
874 8 -1 22 26 -1 16 -1 10 -1 0 -1 28 29 -1 15 22 26 -1
875 22 -1 12 27 28 -1 4 -1 15 16 -1 8 9 -1 26 -1 3 27 29 -1 21 23 25 -1 16 27 -1 20 27 28 -1
876 1 3 -1 17 27 28 29 -1 3 -1
877 12 22 -1 27 28 29 -1 4 15 -1
878 12 20 -1 16 24 -1 29 -1 27 -1 1 3 -1 18 28 29 -1 24 -1 3 -1
879 19 -1 11 15 -1 15 25 -1 15 -1 15 -1 10 -1 23 -1
880 25 -1 20 -1 29 -1 18 28 29 -1 26 28 29 -1 25 29 -1 12 22 -1 4 28 -1 24 26 -1 12 -1 7 25 -1
881 18 -1 14 29 -1 1 -1 1 4 -1 26 -1 28 29 -1 3 29 -1 16 27 29 -1 9 26 -1 6 29 -1
882 13 18 -1 18 28 -1 27 -1 3 12 -1 4 -1 15 -1 27 28 -1 23 -1 24 28 29 -1 23 -1 14 27 28 29 -1 7 -1 3 -1 12 22 24 29 -1 27 28 -1
883 8 29 -1 17 -1 28 29 -1 5 -1 27 -1 4 18 -1 27 -1
884 17 -1 0 17 -1 9 -1 2 29 -1 24 27 29 -1 22 23 26 -1 7 -1 24 26 29 -1 13 -1 0 20 29 -1 0 -1 20 -1 12 -1 10 17 25 28 -1
885 10 -1 7 21 25 26 -1 20 -1 22 28 -1 17 19 29 -1 6 -1 17 -1 16 -1 28 -1 23 -1 18 -1 0 22 28 -1 12 -1 16 -1
886 24 -1 15 23 -1
887 22 -1 6 -1 9 18 -1 7 -1 19 24 26 28 -1 26 -1 28 29 -1 23 -1
888 29 -1 22 -1
889 9 17 -1 26 28 -1 22 28 29 -1
890 20 -1 17 24 25 26 -1 28 29 -1
891 20 -1 17 -1 8 -1 11 -1 27 28 -1 18 20 23 29 -1 19 -1 3 -1 23 -1 21 -1 17 -1 8 -1 19 20 25 29 -1
892 14 -1 26 27 29 -1 26 -1 10 -1 27 28 29 -1 6 -1 27 29 -1 24 27 -1 15 23 28 -1 11 -1 15 -1
893 13 29 -1 14 -1 6 20 -1 0 -1 5 -1 11 -1 4 -1 8 -1 28 29 -1 14 -1 10 -1 15 -1 2 25 -1 12 -1 6 27 -1
894 4 -1 10 -1 9 11 16 -1 20 -1 15 20 27 28 -1 21 28 29 -1 6 10 -1 15 -1 26 29 -1 14 -1 22 -1 29 -1 11 -1 23 26 27 28 29 -1
895 29 -1 29 -1 17 24 -1 10 -1 22 -1 7 10 -1 16 25 -1 5 -1 18 20 24 26 -1 12 26 27 -1 15 18 29 -1 20 29 -1 13 -1 2 -1 18 -1 10 -1
896 11 17 22 -1 18 -1 25 27 29 -1 15 28 -1 8 28 -1 27 -1 29 -1 24 -1 26 28 -1 28 29 -1 22 -1 11 22 23 -1 17 26 27 -1
897 14 28 -1
898 17 25 -1
899 23 -1 20 -1
900 14 -1 6 17 27 -1 4 -1 24 25 26 29 -1 28 -1 13 27 28 -1 22 29 -1 9 -1 19 -1 1 9 27 -1 21 27 28 -1 16 -1
901 9 20 22 -1
902 19 21 29 -1 19 -1 21 22 28 29 -1 13 25 26 -1 24 26 28 -1 10 -1
903 12 16 -1 13 -1 28 29 -1 2 -1 16 17 23 -1 19 23 -1 15 28 -1 2 4 -1 25 26 29 -1 13 -1
904 11 -1 25 26 -1 24 25 27 29 -1 19 -1
905 26 28 29 -1 25 28 29 -1 14 19 23 -1 27 -1 1 -1 1 24 27 -1 0 13 -1 24 -1 25 -1 29 -1 21 -1 25 -1 27 29 -1 12 15 -1 4 6 28 -1 8 -1
906 1 27 -1 0 -1 10 -1 13 -1 29 -1 8 -1 25 -1 20 -1 11 -1 3 7 14 29 -1
907 8 -1 13 -1 0 -1 0 -1 7 -1 20 28 -1 4 13 29 -1 11 -1 7 -1 24 -1 16 17 -1 6 12 -1 21 24 -1 15 -1 12 -1 0 3 26 29 -1 12 -1
908 2 16 -1 14 -1 23 -1 6 -1 0 -1 2 -1 0 -1 24 -1 21 27 -1 28 -1 8 -1 12 19 -1 6 7 -1 13 18 -1 9 29 -1 23 27 29 -1 4 15 -1 5 29 -1 27 -1
909 8 18 26 28 -1 27 -1 5 -1 28 29 -1 24 -1 26 -1 18 24 -1 3 -1 27 -1 18 -1 3 24 28 29 -1
910 15 -1 8 -1 20 21 24 27 29 -1 24 -1 21 28 -1 23 29 -1 12 25 28 -1
911 21 -1 21 27 29 -1 17 22 23 26 -1 6 -1
912 21 -1 22 28 -1 16 -1 15 -1 20 24 29 -1 7 15 17 -1 17 22 -1 15 27 29 -1
913 10 -1 7 -1 3 -1 28 29 -1 29 -1 18 -1 16 -1 26 -1 6 -1
914 16 21 23 -1 17 22 29 -1 27 -1 3 -1 27 -1 6 -1 14 -1 3 19 -1
915 8 24 28 29 -1
916 27 -1 22 29 -1 6 -1 19 -1 10 27 29 -1 18 21 22 -1 10 -1 13 14 -1
917 26 28 29 -1 2 -1 22 -1 29 -1 9 -1 4 -1 10 -1 23 24 -1
918 5 -1 1 -1 12 -1 0 -1 11 -1 29 -1 24 -1 5 -1 13 24 25 -1 21 -1 21 -1 16 23 28 29 -1 15 -1 2 16 -1 15 18 -1 11 13 -1 11 -1 25 -1 23 27 -1
919 29 -1 14 16 23 24 29 -1 11 -1 18 -1 11 -1 15 17 19 27 28 29 -1 13 24 27 29 -1 25 -1
920 8 27 28 29 -1 2 9 -1 24 -1 23 27 28 -1 6 -1
921 27 -1 10 19 28 29 -1 23 29 -1 23 25 29 -1 3 9 -1 14 -1 6 -1 16 26 29 -1 14 25 28 -1 29 -1 14 26 -1
922 21 -1 29 -1 18 26 -1 0 -1 13 -1 12 -1 7 -1 22 23 -1 0 -1
923 15 -1 28 29 -1 14 -1 12 25 29 -1 12 -1 14 -1 12 -1
924 25 -1 28 29 -1 3 -1 18 -1 23 24 -1 5 18 -1 9 12 -1 2 4 21 -1 2 27 -1 22 -1 24 25 -1 14 22 -1 10 -1 0 -1
925 6 14 16 -1 10 -1 29 -1 12 14 -1 0 -1 14 -1 22 -1 7 17 -1 4 25 -1 2 -1 23 24 -1 12 -1 3 12 -1 14 -1 8 10 -1
926 29 -1 2 5 28 29 -1 2 11 26 28 29 -1 24 28 -1 28 -1
927 0 -1 12 -1 27 -1
928 10 -1 3 -1 26 -1 12 -1 8 22 -1 26 -1 13 -1 25 -1 12 22 -1 8 17 -1 0 -1 0 5 29 -1 27 -1 11 15 24 -1 28 29 -1 29 -1 25 28 29 -1 21 -1
929 18 26 27 28 -1 2 23 24 27 -1
930 7 -1 24 26 27 -1 4 6 -1
931 3 20 27 -1 11 -1 14 -1 12 -1 6 13 22 25 -1 16 18 26 -1 28 -1 24 29 -1 15 -1
932 28 29 -1 11 29 -1 25 29 -1 0 14 24 -1 25 26 28 29 -1 0 -1 0 -1 18 24 -1 6 10 -1
933 8 -1 24 -1 13 27 -1 26 28 -1 15 19 20 22 -1 19 25 28 29 -1 27 29 -1 18 26 27 -1 19 -1 23 27 -1 0 -1 16 -1 16 -1 13 -1
934 13 23 29 -1 10 -1 7 -1 14 24 27 -1 24 -1 11 25 29 -1 10 21 26 -1 6 -1 14 26 -1 7 -1 19 27 29 -1 5 -1 9 18 -1 0 4 -1 4 -1
935 28 29 -1 11 -1 16 20 -1 9 22 -1 21 28 -1 19 24 -1
936 19 21 29 -1 14 21 -1 20 -1 11 19 -1 0 5 10 -1 12 -1 23 -1 26 -1 21 -1 16 29 -1 1 -1
937 12 21 -1 20 24 29 -1 4 23 24 -1
938 29 -1 15 -1 16 25 -1
939 13 -1 18 20 22 -1 9 -1 8 23 -1 10 25 -1 7 13 14 -1 0 -1
940 8 -1 21 -1 6 25 -1 29 -1 5 29 -1 13 23 28 -1 7 26 -1 17 -1 1 -1 0 -1 4 -1 8 -1 28 -1
941 18 -1 8 23 29 -1
942 13 26 -1 7 -1 2 15 22 26 29 -1 1 -1 5 -1 6 -1 3 -1 19 29 -1 22 28 29 -1 29 -1 23 26 29 -1
943 8 27 -1
944 11 -1 12 20 -1 21 23 27 -1 7 13 -1 29 -1 7 -1 23 24 -1
945 25 27 -1 6 -1 14 -1 13 28 -1
946 24 29 -1 26 -1 28 -1 22 23 -1 7 -1 23 26 29 -1 5 -1 27 29 -1 6 -1 6 -1 8 11 24 29 -1 14 23 29 -1 17 19 -1
947 25 29 -1 25 -1 10 27 28 -1 10 -1 17 -1 23 25 27 29 -1 3 6 22 26 -1 20 21 -1 24 29 -1 16 26 -1
948 2 -1 9 26 -1 29 -1 17 27 28 -1
949 17 -1 4 22 24 -1 24 -1 4 -1 9 -1 13 19 20 25 28 29 -1 10 25 -1 28 29 -1 16 -1 14 19 -1 0 -1 16 -1
950 12 15 -1 18 -1 17 -1 21 27 28 -1 25 26 28 -1 3 5 14 -1 6 -1
951 9 16 27 -1 7 -1 27 -1 11 -1
952 0 20 27 -1 24 27 29 -1 27 -1 18 26 29 -1 2 -1 23 27 -1 21 -1 25 -1
953 3 -1 19 29 -1 25 -1 29 -1 20 -1
954 3 -1 1 24 26 29 -1 2 9 -1 21 -1 27 -1
955 19 21 -1 25 -1 9 -1 18 -1 28 29 -1
956 25 -1
957 15 22 -1 5 -1
958 21 -1 17 29 -1 9 29 -1 20 24 28 -1 21 -1
959 19 -1 4 -1 24 27 29 -1 25 -1 14 28 29 -1 16 -1 12 19 -1 12 -1 4 27 29 -1 22 -1
960 21 -1 13 20 22 23 -1 13 25 -1 9 -1 7 9 -1 10 18 28 29 -1 25 27 29 -1
961 20 21 27 29 -1 22 25 28 -1 17 18 26 -1 24 25 -1 2 -1 16 -1 9 -1 16 17 19 -1 17 -1 13 -1 28 29 -1 14 -1
962 18 21 -1 13 -1 11 19 27 28 -1 19 -1 26 -1 14 26 -1 16 -1 10 18 -1 27 -1 11 -1 2 7 -1 17 -1 25 26 28 -1 19 -1 6 21 -1
963 22 25 -1 12 -1 17 19 23 28 29 -1 6 -1 7 10 -1 0 -1 8 24 -1 3 -1 0 14 25 29 -1 8 28 29 -1 3 -1
964 29 -1 19 -1 27 29 -1 23 -1 22 25 -1 29 -1 16 21 23 26 -1 28 -1 11 -1 5 19 29 -1 16 -1 27 -1 29 -1 25 -1 13 -1 17 -1 11 13 24 25 -1 21 -1 20 -1
965 12 17 26 29 -1 7 26 29 -1 20 26 27 28 -1 1 -1 7 -1
966 3 -1 4 27 29 -1 25 -1 18 25 26 28 -1 13 18 19 27 29 -1 17 -1 18 -1 7 9 15 18 25 29 -1
967 5 8 -1 14 24 27 -1 22 24 25 28 29 -1
968 13 -1 16 -1 14 -1 17 -1 27 -1 7 16 24 -1
969 1 22 27 -1 22 -1 18 -1 10 -1 24 -1 11 21 -1 20 22 -1 22 28 29 -1 3 21 26 -1 13 -1 17 -1 24 29 -1 20 21 29 -1
970 10 -1 5 18 25 -1 16 24 29 -1 22 -1 19 22 27 28 29 -1 26 -1 6 27 29 -1 0 15 19 20 24 27 29 -1 2 8 9 -1 0 20 -1
971 21 -1 24 -1 17 25 -1 27 28 -1 27 -1 12 21 24 28 -1 3 -1 20 -1 27 -1
972 21 -1 8 19 -1 5 -1 1 21 28 29 -1 7 24 -1 12 17 -1 7 -1 15 17 -1 20 21 -1 7 8 15 -1 5 16 -1
973 4 -1 14 18 -1 28 -1 18 23 28 -1
974 2 -1 3 -1 6 -1 3 22 23 29 -1 26 -1 29 -1 5 -1 7 13 26 -1 16 19 23 -1 16 27 -1
975 8 23 -1 15 27 29 -1 20 -1 9 -1 26 -1 1 7 11 -1 6 -1 27 -1 18 29 -1 19 -1 21 28 29 -1 6 14 19 -1 8 18 -1
976 21 23 -1 1 -1 20 -1 23 24 27 -1 18 -1 11 16 -1 25 -1 1 11 -1 0 -1 20 23 -1
977 4 -1 9 -1 29 -1 16 20 -1 4 -1 7 12 -1 7 -1 6 -1 4 15 -1 1 11 13 -1 21 -1
978 16 29 -1 13 17 -1 14 -1 24 28 -1 16 -1 16 19 22 -1 23 24 26 -1 8 24 25 -1 12 -1
979 2 3 28 -1 20 21 -1 13 -1 15 -1 12 17 -1 26 -1 22 29 -1 0 16 -1 22 -1
980 24 -1 6 -1 2 25 -1 19 24 25 27 29 -1 3 18 19 -1 25 -1
981 13 20 25 26 -1 5 9 18 29 -1 24 -1 5 18 -1 16 -1 12 27 29 -1 9 -1
982 3 9 18 -1 18 27 28 29 -1 1 -1
983 2 16 -1 25 -1 3 5 7 11 -1 21 -1 21 23 -1 2 -1 26 27 29 -1 17 24 -1 8 -1 11 15 17 -1 8 17 -1 26 -1 14 -1 3 -1
984 1 -1 0 -1 9 11 -1 15 -1 28 29 -1 20 27 29 -1 24 25 29 -1 23 -1 14 -1 0 29 -1 16 19 20 -1 13 26 29 -1 27 28 -1 8 13 -1 11 -1 11 -1
985 12 -1 13 18 -1 28 -1
986 25 -1
987 18 19 -1 13 -1 7 14 19 -1 21 24 27 -1 24 -1 28 29 -1 20 21 -1 29 -1
988 12 15 -1
989 29 -1 26 29 -1 11 -1 10 -1 14 -1 1 -1 6 28 29 -1 18 23 -1 3 -1 20 -1 28 -1 9 -1
990 11 18 -1 1 5 22 -1 15 -1 16 24 -1 16 23 -1 23 -1 16 -1
991 21 -1 16 28 -1 24 -1
992 24 -1
993 21 26 -1 24 -1 19 24 -1 22 23 -1 1 9 -1 17 29 -1 15 27 -1 13 -1 22 24 28 29 -1 26 28 29 -1 15 17 -1 23 27 -1 2 -1 22 -1 19 -1
994 13 16 25 -1 6 15 19 -1 1 3 22 -1 17 29 -1 21 27 -1 14 16 25 28 29 -1 12 23 -1 10 -1 4 22 27 29 -1
995 10 -1 21 27 -1 19 20 -1 24 -1 13 -1 24 27 29 -1 18 22 -1 24 -1 28 -1 10 17 -1
996 19 -1 8 13 -1 20 -1 29 -1 25 -1 4 27 29 -1 8 12 16 -1
997 25 -1 25 27 -1 28 29 -1 11 -1 19 24 29 -1 11 -1 21 -1 4 -1 22 29 -1 2 -1 14 29 -1 7 -1 12 24 27 29 -1 17 -1 24 26 28 -1
998 5 -1 15 -1 23 29 -1 4 20 22 -1 3 27 -1 1 19 -1 11 -1 23 28 29 -1 23 -1 4 -1 15 18 -1 12 -1 3 -1 1 -1
999 25 28 -1 24 -1 19 21 -1 20 -1 25 28 29 -1
1000 10 22 29 -1 26 29 -1 3 -1 27 -1 0 -1 18 20 -1 26 29 -1 0 24 -1 17 -1 25 28 29 -1
1001 26 29 -1 28 29 -1 12 -1 10 18 -1
1002 13 -1 28 29 -1 5 15 -1 21 27 -1
1003 3 13 -1 2 27 29 -1 22 -1 4 -1 23 24 -1 0 23 -1 14 -1 15 -1 7 25 -1 3 4 -1
1004 29 -1 28 -1 10 -1 13 19 -1 18 -1 5 -1 20 23 27 29 -1 25 29 -1 2 -1 4 -1 9 17 20 -1 9 -1 16 28 29 -1 1 -1 16 -1
1005 16 -1
1006 24 -1 1 -1 10 -1
1007 0 24 25 -1 27 -1 18 -1 8 27 28 29 -1 4 -1
1008 24 26 -1 16 18 20 21 -1 21 -1 9 -1 28 29 -1 6 -1 17 29 -1 25 -1 1 -1 11 26 29 -1 17 21 24 29 -1 10 -1 24 27 -1 3 13 -1 17 -1 7 -1
1009 13 -1 6 13 -1 29 -1 0 -1 9 20 -1 1 -1 9 27 29 -1 19 25 26 -1 3 10 25 27 -1 14 26 28 -1 7 -1 2 15 -1 24 -1
1010 20 21 -1 10 18 -1 0 -1 4 10 -1 22 -1 6 24 25 -1 14 -1 16 -1 22 24 26 -1 15 20 28 29 -1 24 29 -1 16 25 -1 9 11 12 -1
1011 8 19 25 27 -1 12 22 -1 24 -1 26 27 -1 4 21 -1 28 -1 14 -1 26 27 29 -1 13 -1 10 13 16 28 -1 21 -1
1012 13 -1 9 -1 4 18 -1 4 -1 5 -1
1013 17 24 -1 18 -1 4 23 27 28 29 -1 24 25 26 -1 14 28 -1
1014 26 -1 29 -1 1 -1 6 -1 3 16 29 -1
1015 5 -1 18 -1 5 25 26 -1 26 -1 11 -1 6 16 17 -1 17 -1 28 29 -1 11 -1 18 -1 28 29 -1 6 -1 7 26 -1 2 -1 17 -1
1016 14 -1 10 -1 3 -1 12 -1 13 15 16 -1 9 14 -1 3 -1 18 -1 16 -1 22 26 29 -1 20 -1 19 -1 24 25 -1 9 -1 19 -1 9 -1 2 9 24 29 -1 17 26 28 -1
1017 2 9 -1 15 -1 8 -1 14 -1
1018 2 -1 20 -1 17 -1 13 21 -1 27 29 -1 2 8 18 -1 2 9 12 -1 13 23 -1 12 16 22 -1 9 -1
1019 11 -1 22 24 25 -1 20 27 28 29 -1 12 -1
1020 16 27 -1 0 -1 24 -1 26 28 29 -1 16 19 -1 16 27 -1 11 -1
1021 22 26 -1 18 24 25 26 29 -1 28 29 -1 12 15 -1 8 -1 23 -1 23 25 29 -1 1 12 20 -1
1022 6 -1 15 29 -1 18 24 29 -1 8 -1 28 29 -1 4 28 -1 9 26 27 -1
1023 0 -1 1 17 -1 11 18 -1 5 -1
1024 20 -1 3 -1 2 -1
1025 24 -1 21 -1 19 24 28 -1
1026 29 -1 11 24 29 -1 18 -1 15 -1 15 28 -1 23 24 -1 12 -1 7 -1 16 28 29 -1 2 -1 16 18 -1 6 -1 14 22 -1 16 -1 7 -1 18 24 -1 29 -1
1027 9 -1 14 -1 24 -1
1028 22 -1 29 -1 1 11 28 -1 13 -1 25 -1 10 -1 15 27 29 -1 2 -1 15 -1 16 28 29 -1 14 -1 15 -1 6 -1
1029 15 -1 27 28 29 -1 27 -1 15 18 20 -1 28 -1 14 -1 16 -1 23 27 29 -1 5 -1 22 -1 26 29 -1 13 -1 13 25 -1 2 -1 21 -1 17 29 -1 16 23 -1
1030 21 23 28 -1 17 19 -1 4 9 24 -1
1031 3 24 -1 12 -1 25 26 27 28 -1 24 26 -1 26 27 29 -1 19 25 -1 8 16 21 -1 26 -1 15 24 -1 19 26 -1
1032 6 -1 16 -1 4 26 28 29 -1 14 24 28 -1 7 -1 14 -1 6 -1
1033 12 28 -1 29 -1 21 25 26 28 29 -1 27 29 -1 17 22 -1 15 26 -1
1034 6 12 -1 11 -1 29 -1 19 -1
1035 18 -1
1036 2 -1 21 26 -1 10 -1 22 24 -1 10 27 -1 4 20 -1 26 29 -1 20 29 -1 7 -1 16 -1 24 25 -1 26 29 -1 29 -1 15 -1 16 -1 25 27 -1 9 -1 6 17 -1
1037 24 -1 23 24 29 -1 24 -1 13 21 -1
1038 25 -1 14 29 -1 15 20 -1 15 -1 15 -1 19 -1
1039 20 22 -1 27 -1 17 24 26 -1 11 23 -1 3 23 -1
1040 18 -1 12 18 -1 18 24 29 -1 1 23 -1 1 -1 24 25 26 28 -1 24 -1 20 -1
1041 1 27 29 -1 25 27 -1 24 -1 22 24 27 -1 22 -1 26 29 -1 9 -1 25 26 27 -1 8 14 27 -1 12 -1 19 25 27 -1
1042 4 22 28 29 -1 8 13 25 29 -1 3 24 -1 8 -1 19 25 26 -1 28 29 -1 24 27 -1 7 24 -1 14 29 -1
1043 21 -1 21 28 29 -1 19 26 -1 17 -1
1044 27 28 29 -1 0 25 -1 16 27 -1 29 -1 26 -1 12 -1 14 -1 15 -1 29 -1 13 15 -1 3 23 -1 17 -1
1045 22 -1 8 -1 8 -1 15 -1 4 26 28 -1 24 -1 16 -1 29 -1 21 22 26 29 -1
1046 29 -1 16 -1 29 -1 8 22 -1 26 -1 7 15 21 -1 10 21 22 -1 16 19 -1 22 24 25 -1 26 29 -1 4 -1 27 29 -1 14 25 -1 21 26 -1
1047 26 -1 12 -1 13 26 27 -1 24 -1 14 22 -1 28 29 -1 2 -1 24 27 -1
1048 6 -1 27 -1 13 -1 14 -1 5 -1 8 19 25 -1 7 29 -1 2 14 24 25 26 -1 15 19 23 27 -1
1049 29 -1 21 25 -1 10 -1 17 21 -1 24 28 -1 4 -1 18 19 20 24 -1 28 29 -1 20 -1 24 -1 1 -1 14 16 19 29 -1 13 25 29 -1 14 -1 16 -1
1050 11 -1
